article_headline,article_url,article_topic,source_name,source_url,article_datetime,article_position,article_isopinion,article_isad
Senate braces for days-long infrastructure slog,https://www.msn.com/en-us/news/politics/senate-braces-for-days-long-infrastructure-slog/ar-AAN25Ze?ocid=BingNews,Top stories,The Hill,Unavailable,1h,1.0,False,False
Democrats hire Riggleman to serve as adviser to Jan. 6 committee,https://www.msn.com/en-us/news/politics/democrats-hire-riggleman-to-serve-as-adviser-to-jan-6-committee/ar-AAN29qD?ocid=BingNews,Top stories,POLITICO,Unavailable,1h,2.0,False,False
"N.J. gym owner, Seattle man are first to plead guilty to assaulting police in Capitol attack",https://www.msn.com/en-us/news/us/nj-gym-owner-seattle-man-are-first-to-plead-guilty-to-assaulting-police-in-capitol-attack/ar-AAN1Ntc?ocid=BingNews,Top stories,The Washington Post,Unavailable,5h,3.0,False,False
Woman files criminal complaint against Gov. Cuomo in Albany,https://www.msn.com/en-us/news/crime/woman-files-criminal-complaint-against-gov-cuomo-in-albany/ar-AAN1sWw?ocid=BingNews,Top stories,ABC News,Unavailable,1h,4.0,False,False
California firefighters use break in weather to attack wildfires,https://www.msn.com/en-us/news/us/california-firefighters-use-break-in-weather-to-attack-wildfires/ar-AAN1NGH?ocid=BingNews,Top stories,Reuters,Unavailable,4h,5.0,False,False
Biden administration extends pandemic relief for student loan debt through Jan. 31,https://www.msn.com/en-us/news/politics/biden-administration-extends-pandemic-relief-for-student-loan-debt-through-jan-31/ar-AAN1NIC?ocid=BingNews,Top stories,ABC News,Unavailable,3h,6.0,False,False
"New York City woman shot in back of head hours after attending friend's funeral, brother says",https://www.msn.com/en-us/news/crime/new-york-city-woman-shot-in-back-of-head-hours-after-attending-friends-funeral-brother-says/ar-AAN1Zqy?ocid=BingNews,Top stories,FOX News,Unavailable,3h,7.0,False,False
"Cuomo attorney pushes back against accusers, challenges investigation",https://www.msn.com/en-us/news/us/cuomo-attorney-pushes-back-against-accusers-challenges-investigation/ar-AAN1Z9M?ocid=BingNews,Top stories,CBS News,Unavailable,3h,8.0,False,False
"Molly Seidel races to bronze, becomes third American woman to medal in Olympic marathon",https://www.msn.com/en-us/sports/olympics/molly-seidel-races-to-bronze-becomes-third-american-woman-to-medal-in-olympic-marathon/ar-AAN1VsV?ocid=BingNews,Top stories,USA TODAY SPORTS,Unavailable,1h,9.0,False,False
Half of U.S. population fully vaccinated against COVID-19: CDC,https://www.msn.com/en-us/news/us/half-of-us-population-fully-vaccinated-against-covid-19-cdc/ar-AAN1D51?ocid=BingNews,Top stories,Reuters,Unavailable,4h,10.0,False,False
‘Where do I go?’ Thousands flee as Dixie Fire morphs into third-largest blaze in California’s history,https://www.msn.com/en-us/news/us/where-do-i-go-thousands-flee-as-dixie-fire-morphs-into-third-largest-blaze-in-california-s-history/ar-AAN1GZf?ocid=BingNews,Top stories,The Washington Post,Unavailable,7h,11.0,False,False
Sheriff's deputy overdoses after exposure to fentanyl during arrest,https://www.msn.com/en-us/news/crime/sheriffs-deputy-overdoses-after-exposure-to-fentanyl-during-arrest/ar-AAN1D6o?ocid=BingNews,Top stories,ABC News,Unavailable,3h,12.0,False,False
Bengals get good injury updates during training camp practice,https://www.msn.com/en-us/sports/nfl/bengals-get-good-injury-updates-during-training-camp-practice/ar-AAN2gr6?ocid=BingNews,Sports,Bengals Wire,Unavailable,31m,1.0,False,False
"Cardinals WR DeAndre Hopkins loves practice, explains why he takes time off",https://www.msn.com/en-us/sports/nfl/cardinals-wr-deandre-hopkins-loves-practice-explains-why-he-takes-time-off/ar-AAN250Y?ocid=BingNews,Sports,Cardinals Wire,Unavailable,1h,2.0,False,False
"Preps basketball star Jalen Duren skips Montverde senior year, chooses Memphis over pro deals",https://www.msn.com/en-us/sports/more-sports/preps-basketball-star-jalen-duren-skips-montverde-senior-year-chooses-memphis-over-pro-deals/ar-AAN24M2?ocid=BingNews,Sports,Orlando Sentinel,Unavailable,1h,3.0,False,False
Details of the Lions offer to make amends to Calvin Johnson revealed,https://www.msn.com/en-us/sports/nfl/details-of-the-lions-offer-to-make-amends-to-calvin-johnson-revealed/ar-AAN2bop?ocid=BingNews,Sports,Lions Wire,Unavailable,1h,4.0,False,False
Ketel Marte’s health prompting Diamondbacks to rethink his position,https://www.msn.com/en-us/sports/mlb/ketel-marte-s-health-prompting-diamondbacks-to-rethink-his-position/ar-AAN25tt?ocid=BingNews,Sports,Arizona Republic,Unavailable,36m,5.0,False,False
"Duane Brown not practicing, unhappy that Seahawks haven’t extended his contract",https://www.msn.com/en-us/sports/nfl/duane-brown-not-practicing-unhappy-that-seahawks-havent-extended-his-contract/ar-AAN228P?ocid=BingNews,Sports,NBC Sports,Unavailable,2h,6.0,False,False
"Video: Derrick Lewis, Ciryl Gane separated at UFC 265 final faceoff in Houston",https://www.msn.com/en-us/sports/other/video-derrick-lewis-ciryl-gane-separated-at-ufc-265-final-faceoff-in-houston/ar-AAN1WkD?ocid=BingNews,Sports,MMAJunkie,Unavailable,3h,7.0,False,False
Watch: Steph Curry welcomes Andre Iguodala back to the Warriors with video on social media,https://www.msn.com/en-us/sports/nba/watch-steph-curry-welcomes-andre-iguodala-back-to-the-warriors-with-video-on-social-media/ar-AAN1ZcI?ocid=BingNews,Sports,WarriorsWire,Unavailable,3h,8.0,False,False
"After Craig Kimbrel surrenders tying 3-run HR in return to Wrigley, White Sox rally for 8-6 win over Cubs in 10 innings",https://www.msn.com/en-us/sports/mlb/after-craig-kimbrel-surrenders-tying-3-run-hr-in-return-to-wrigley-white-sox-rally-for-8-6-win-over-cubs-in-10-innings/ar-AAN26kS?ocid=BingNews,Sports,Chicago Tribune,Unavailable,1h,9.0,False,False
Utah Jazz GM says offseason moves were all about finding ‘the best fit possible’,https://www.msn.com/en-us/sports/nba/utah-jazz-gm-says-offseason-moves-were-all-about-finding-the-best-fit-possible/ar-AAN255v?ocid=BingNews,Sports,Salt Lake Tribune,Unavailable,1h,10.0,False,False
Raiders sign veteran RB Bo Scarbrough,https://www.msn.com/en-us/sports/nfl/raiders-sign-veteran-rb-bo-scarbrough/ar-AAN1YXd?ocid=BingNews,Sports,Raiders Wire,Unavailable,3h,11.0,False,False
Dwight Howard and Lakers are 'just supposed to be together',https://www.msn.com/en-us/news/us/dwight-howard-and-lakers-are-just-supposed-to-be-together/ar-AAN1S3O?ocid=BingNews,Sports,The LA Times,Unavailable,1h,12.0,False,False
Florida Radio Host Who Warned Against Vaccine Dies of COVID-19 Complications,https://www.msn.com/en-us/news/crime/florida-radio-host-who-warned-against-vaccine-dies-of-covid-19-complications/ar-AAN2dVp?ocid=BingNews,U.S.,Newsweek,Unavailable,45m,1.0,False,False
SF honey bear artist fnnch partners with Williams-Sonoma,https://www.msn.com/en-us/news/us/sf-honey-bear-artist-fnnch-partners-with-williams-sonoma/ar-AAN22zD?ocid=BingNews,U.S.,SF Gate,Unavailable,2h,2.0,False,False
More Bay Area restaurants close temporarily due to breakthrough COVID-19 cases,https://www.msn.com/en-us/travel/news/more-bay-area-restaurants-close-temporarily-due-to-breakthrough-covid-19-cases/ar-AAN1Rtq?ocid=BingNews,U.S.,San Francisco Chronicle,Unavailable,3h,3.0,False,False
"Dallas County adds 830 more coronavirus cases, says only 25 ICU beds are available",https://www.msn.com/en-us/news/us/dallas-county-adds-830-more-coronavirus-cases-says-only-25-icu-beds-are-available/ar-AAN2c8B?ocid=BingNews,U.S.,Dallas Morning News,Unavailable,27m,4.0,False,False
"Amid 'drastically increasing' COVID outbreak, Polk County urges everyone to wear masks",https://www.msn.com/en-us/news/us/amid-drastically-increasing-covid-outbreak-polk-county-urges-everyone-to-wear-masks/ar-AAN221T?ocid=BingNews,U.S.,Des Moines Register,Unavailable,3h,5.0,False,False
'Are we doing the right thing?': Garth Brooks readies for sold-out Arrowhead concert,https://www.msn.com/en-us/news/us/are-we-doing-the-right-thing-garth-brooks-readies-for-sold-out-arrowhead-concert/ar-AAN2bsa?ocid=BingNews,U.S.,Kansas City Star,Unavailable,1h,6.0,False,False
RNC Asks California GOP to Not Endorse Newsom Recall Candidate Amid Close Polling,https://www.msn.com/en-us/news/politics/rnc-asks-california-gop-to-not-endorse-newsom-recall-candidate-amid-close-polling/ar-AAN1Iwe?ocid=BingNews,U.S.,Newsweek,Unavailable,3h,7.0,False,False
Tempe Elementary district to Ducey: Call special session to allow school mask mandates,https://www.msn.com/en-us/news/us/tempe-elementary-district-to-ducey-call-special-session-to-allow-school-mask-mandates/ar-AAN2bpg?ocid=BingNews,U.S.,Arizona Republic,Unavailable,1h,8.0,False,False
Murphy unveils N.J. school mask mandate as some parents protest. He says mask opponents are ‘lying.’,https://www.msn.com/en-us/health/wellness/murphy-unveils-n-j-school-mask-mandate-as-some-parents-protest-he-says-mask-opponents-are-lying/ar-AAN1Abp?ocid=BingNews,U.S.,NJ.com,Unavailable,3h,9.0,False,False
"Charlotte-Mecklenburg Schools will require some fans, coaches and players to wear masks",https://www.msn.com/en-us/sports/more-sports/charlotte-mecklenburg-schools-will-require-some-fans-coaches-and-players-to-wear-masks/ar-AAN220F?ocid=BingNews,U.S.,The Charlotte Observer,Unavailable,1h,10.0,False,False
"Mask rules are OK in schools, but students don’t have to follow them, state says",https://www.msn.com/en-us/news/us/mask-rules-are-ok-in-schools-but-students-don-t-have-to-follow-them-state-says/ar-AAN1l6D?ocid=BingNews,U.S.,Sun Sentinel,Unavailable,2h,11.0,False,False
N.J. court gives Dems their pick as tie-breaker in fight over mapping congressional districts,https://www.msn.com/en-us/news/politics/nj-court-gives-dems-their-pick-as-tie-breaker-in-fight-over-mapping-congressional-districts/ar-AAN21So?ocid=BingNews,U.S.,NJ.com,Unavailable,2h,12.0,False,False
Changes coming to busy intersection in Blacksburg,https://www.msn.com/en-us/news/us/changes-coming-to-busy-intersection-in-blacksburg/ar-AAMZ4uA?ocid=BingNews,Local,WDBJ on MSN.com,Unavailable,1d,1.0,False,False
90% of Virginia Tech students fully vaccinated ahead of Friday deadline,https://www.msn.com/en-us/news/us/90-25-of-virginia-tech-students-fully-vaccinated-ahead-of-friday-deadline/ar-AAMZ6o8?ocid=BingNews,Local,WDBJ on MSN.com,Unavailable,1d,2.0,False,False
"Laurie Kelly, owner of Blacksburg Books, stops by the WDBJ7 studio to discuss her shop’s grand opening",https://www.msn.com/en-us/foodanddrink/foodnews/laurie-kelly-owner-of-blacksburg-books-stops-by-the-wdbj7-studio-to-discuss-her-shop-e2-80-99s-grand-opening/ar-AAMYuuY?ocid=BingNews,Local,WDBJ on MSN.com,Unavailable,1d,3.0,False,False
"Virginia Tech meteorology students, National Weather Service unite to close weather station gaps",https://www.wsls.com/weather/2021/08/03/virginia-tech-meteorology-students-national-weather-service-unite-to-close-weather-station-gaps/,Local,WSLS 10,Unavailable,3d,4.0,False,False
Kayaker dies while on New River,https://www.msn.com/en-us/weather/topstories/kayaker-dies-while-on-new-river/ar-AAN1R4D?ocid=BingNews,Local,Roanoke-Lynchburg WDBJ-TV on MSN.com,Unavailable,4h,5.0,False,False
UPDATE: Victims identified in Your Place Sports Bar and Grill shooting,https://www.wric.com/news/local-news/update-victims-identified-in-your-place-sports-bar-and-grill-shooting/,Local,WRIC,Unavailable,4h,6.0,False,False
"Botetourt County, Charlotte County schools require masks for upcoming school year",https://www.msn.com/en-us/news/us/botetourt-county-charlotte-county-schools-require-masks-for-upcoming-school-year/ar-AAN1JLG?ocid=BingNews,Local,Roanoke-Lynchburg WDBJ-TV on MSN.com,Unavailable,6h,7.0,False,False
Botetourt County schools require masks for upcoming school year,https://www.wdbj7.com/2021/08/06/botetourt-county-schools-require-masks-upcoming-school-year/,Local,WDBJ,Unavailable,6h,8.0,False,False
Victim of NW Roanoke shooting not cooperating with police,https://www.msn.com/en-us/news/crime/victim-of-nw-roanoke-shooting-not-cooperating-with-police/ar-AAN1LfG?ocid=BingNews,Local,Roanoke-Lynchburg WDBJ-TV on MSN.com,Unavailable,7h,9.0,False,False
Covington man charged in Capitol riot now charged with assault of family member,https://www.msn.com/en-us/news/crime/covington-man-charged-in-capitol-riot-now-charged-with-assault-of-family-member/ar-AAN1rTU?ocid=BingNews,Local,Roanoke-Lynchburg WDBJ-TV on MSN.com,Unavailable,10h,10.0,False,False
WATCH LIVE: Roanoke County School Board discusses masking in schools,https://www.msn.com/en-us/news/us/watch-live-roanoke-county-school-board-discusses-masking-in-schools/ar-AAN1ooQ?ocid=BingNews,Local,Roanoke-Lynchburg WDBJ-TV on MSN.com,Unavailable,10h,11.0,False,False
‘Paid Leave for All’ nationwide bus tour stops in Roanoke,https://www.msn.com/en-us/news/us/paid-leave-for-all-nationwide-bus-tour-stops-in-roanoke/ar-AAN1PFu?ocid=BingNews,Local,Roanoke-Lynchburg WDBJ-TV on MSN.com,Unavailable,4h,12.0,False,False
Australia to Pay Millions in Reparations to Indigenous People: What This Means for U.S.,https://www.msn.com/en-us/news/world/australia-to-pay-millions-in-reparations-to-indigenous-people-what-this-means-for-u-s/ar-AAN1QuB?ocid=BingNews,World,Newsweek,Unavailable,6h,1.0,False,False
"Taliban Capture Zaranj, an Afghanistan Provincial Capital, in a Symbolic Victory",https://www.msn.com/en-us/news/world/taliban-capture-zaranj-an-afghanistan-provincial-capital-in-a-symbolic-victory/ar-AAN0UHC?ocid=BingNews,World,The New York Times,Unavailable,9h,2.0,False,False
"Australia's New South Wales reports 319 new COVID-19 cases, third straight daily record",https://www.msn.com/en-us/news/world/australias-new-south-wales-reports-319-new-covid-19-cases-third-straight-daily-record/ar-AAN2gqZ?ocid=BingNews,World,Reuters,Unavailable,20m,3.0,False,False
Half of U.S. population fully vaccinated against COVID-19: CDC,https://www.msn.com/en-us/news/us/half-of-us-population-fully-vaccinated-against-covid-19-cdc/ar-AAN1D51?ocid=BingNews,World,Reuters,Unavailable,4h,4.0,False,False
Two held over plot to kill Myanmar UN envoy - US,https://www.msn.com/en-us/news/world/two-held-over-plot-to-kill-myanmar-un-envoy-us/ar-AAN1Yq7?ocid=BingNews,World,BBC News,Unavailable,4h,5.0,False,False
9/11 families tell Biden to skip memorial if he does not declassify files,https://www.msn.com/en-us/news/world/911-families-tell-biden-to-skip-memorial-if-he-does-not-declassify-files/ar-AAN1Bzy?ocid=BingNews,World,Reuters,Unavailable,8h,6.0,False,False
Belarus crackdown fails to crush opposition spirit,https://www.msn.com/en-us/news/world/belarus-crackdown-fails-to-crush-opposition-spirit/ar-AAN1ZQO?ocid=BingNews,World,BBC News,Unavailable,1h,7.0,False,False
U.S. State Department announces five additions to global terrorist list,https://www.msn.com/en-us/news/us/us-state-department-announces-five-additions-to-global-terrorist-list/ar-AAN1XnT?ocid=BingNews,World,Reuters,Unavailable,1h,8.0,False,False
"Hundreds of Cuban protesters are still detained, including prominent dissidents",https://www.msn.com/en-us/news/world/hundreds-of-cuban-protesters-are-still-detained-including-prominent-dissidents/ar-AAN1FwL?ocid=BingNews,World,Miami Herald,Unavailable,18m,9.0,False,False
'We want trillions to heal our wounds',https://www.msn.com/en-us/news/world/we-want-trillions-to-heal-our-wounds/ar-AAN28P1?ocid=BingNews,World,BBC News,Unavailable,2h,10.0,False,False
UPDATE 1-U.S. restricts visas for 50 Nicaraguans; rival party is suspended,https://www.msn.com/en-us/news/world/update-1-us-restricts-visas-for-50-nicaraguans-rival-party-is-suspended/ar-AAN1X0h?ocid=BingNews,World,Reuters,Unavailable,1h,11.0,False,False
Biden administration expected to unveil new Belarus sanctions,https://www.msn.com/en-us/news/world/biden-administration-expected-to-unveil-new-belarus-sanctions/ar-AAN22db?ocid=BingNews,World,CNN,Unavailable,2h,12.0,False,False
Ikea and Sonos Put Sound on the Wall With the Symfonisk Picture Frame With Wi-Fi Speaker,https://www.msn.com/en-us/news/technology/ikea-and-sonos-put-sound-on-the-wall-with-the-symfonisk-picture-frame-with-wi-fi-speaker/ar-AAN1Zrx?ocid=BingNews,Science,Newsweek,Unavailable,3h,1.0,False,False
Perseverance rover's first attempt to collect Martian sample didn't go as planned,https://www.msn.com/en-us/news/technology/perseverance-rovers-first-attempt-to-collect-martian-sample-didnt-go-as-planned/ar-AAN1VtZ?ocid=BingNews,Science,CNN,Unavailable,2h,2.0,False,False
Scientists Watched 32 Years of Shark Week — and Didn't Like What They Saw,https://www.msn.com/en-us/tv/news/scientists-watched-32-years-of-shark-week-and-didnt-like-what-they-saw/ar-AAN1RD1?ocid=BingNews,Science,New England Cable News,Unavailable,2h,3.0,False,False
A 'memory palace' is your secret tool for remembering information,https://www.msn.com/en-us/news/technology/a-memory-palace-is-your-secret-tool-for-remembering-information/ar-AAN23Ej?ocid=BingNews,Science,Popular Science,Unavailable,4h,4.0,False,False
VIDEO: Mechanic Turns Russian Junker into Flame-Throwing 'Hot Rod',https://www.msn.com/en-us/news/world/video-mechanic-turns-russian-junker-into-flame-throwing-hot-rod/ar-AAN1Q1w?ocid=BingNews,Science,Newsweek,Unavailable,4h,5.0,False,False
"For The First Time, Researchers Just Watched How Plants Slurp Up Water",https://www.msn.com/en-us/news/technology/for-the-first-time-researchers-just-watched-how-plants-slurp-up-water/ar-AAN201y?ocid=BingNews,Science,ScienceAlert,Unavailable,1h,6.0,False,False
Scientists unveil extinct Ice Age lion cubs pulled from Russian permafrost,https://www.msn.com/en-us/news/world/scientists-unveil-extinct-ice-age-lion-cubs-pulled-from-russian-permafrost/ar-AAN1nEA?ocid=BingNews,Science,NBC News,Unavailable,7h,7.0,False,False
"Florida or Floriduh? As it battles COVID-19 surge, the Sunshine State proves itself as weirdly defiant as ever",https://www.msn.com/en-us/news/world/florida-or-floriduh-as-it-battles-covid-19-surge-the-sunshine-state-proves-itself-as-weirdly-defiant-as-ever/ar-AAN1GOE?ocid=BingNews,Science,MarketWatch,Unavailable,2h,8.0,False,False
Dartmouth professor's study says rising ocean temperatures fuel more powerful storms,https://www.msn.com/en-us/weather/topstories/dartmouth-professors-study-says-rising-ocean-temperatures-fuel-more-powerful-storms/ar-AAN263K?ocid=BingNews,Science,WMUR Manchester,Unavailable,3h,9.0,False,False
Mass. towns with high COVID-19 positivity rates,https://www.msn.com/en-us/news/us/mass-towns-with-high-covid-19-positivity-rates/ar-AAN1ZTa?ocid=BingNews,Science,WCVB Boston,Unavailable,1h,10.0,False,False
Liberty Media (FWONK) Q2 Earnings and Revenues Beat Estimates,https://www.msn.com/en-us/money/topstocks/liberty-media-fwonk-q2-earnings-and-revenues-beat-estimates/ar-AAN255c?ocid=BingNews,Science,Zacks.com,Unavailable,2h,11.0,False,False
Perseid meteor shower peaks next week,https://www.msn.com/en-us/news/us/perseid-meteor-shower-peaks-next-week/ar-AAN23YA?ocid=BingNews,Science,Waco-Temple-Bryan KBTX-TV,Unavailable,2h,12.0,False,False
Ikea and Sonos Put Sound on the Wall With the Symfonisk Picture Frame With Wi-Fi Speaker,https://www.msn.com/en-us/news/technology/ikea-and-sonos-put-sound-on-the-wall-with-the-symfonisk-picture-frame-with-wi-fi-speaker/ar-AAN1Zrx?ocid=BingNews,Technology,Newsweek,Unavailable,3h,1.0,False,False
Google billionaire Larry Page has been granted New Zealand residency,https://www.msn.com/en-us/finance/companies/google-billionaire-larry-page-has-been-granted-new-zealand-residency/ar-AAN1UDN?ocid=BingNews,Technology,CNBC,Unavailable,4h,2.0,False,False
Ford's new BlueCruise hands-off driving feature is a solid first effort,https://www.msn.com/en-us/autos/news/fords-new-bluecruise-hands-off-driving-feature-is-a-solid-first-effort/ar-AAN1p7a?ocid=BingNews,Technology,TechRepublic,Unavailable,10h,3.0,False,False
"Amid COVID surge, Amazon to require masks for warehouse workers regardless of vaccination status",https://www.msn.com/en-us/finance/companies/amid-covid-surge-amazon-to-require-masks-for-warehouse-workers-regardless-of-vaccination-status/ar-AAN1ONE?ocid=BingNews,Technology,Geekwire,Unavailable,5h,4.0,False,False
"Google considered buying ‘some or all’ of Epic during Fortnite clash, court documents say",https://www.msn.com/en-us/money/other/google-considered-buying-some-or-all-of-epic-during-fortnite-clash-court-documents-say/ar-AAN1lU5?ocid=BingNews,Technology,The Verge,Unavailable,10h,5.0,False,False
Zynga Stock Drops; Analysts Cut Targets After Bookings Guidance,https://www.msn.com/en-us/money/topstocks/zynga-stock-drops-analysts-cut-targets-after-bookings-guidance/ar-AAN1rFW?ocid=BingNews,Technology,TheStreet,Unavailable,10h,6.0,False,False
Google's More Affordable Pixel 5a Leaked Just Weeks Ahead of Launch,https://www.msn.com/en-us/news/technology/googles-more-affordable-pixel-5a-leaked-just-weeks-ahead-of-launch/ar-AAN1c3o?ocid=BingNews,Technology,Gizmodo,Unavailable,11h,7.0,False,False
Facebook restores policy it 'lost' three years ago,https://www.msn.com/en-us/money/other/facebook-restores-policy-it-lost-three-years-ago/ar-AAN21ma?ocid=BingNews,Technology,Engadget,Unavailable,4h,8.0,False,False
WhatsApp head says Apple's child safety update is a 'surveillance system',https://www.msn.com/en-us/money/other/whatsapp-head-says-apples-child-safety-update-is-a-surveillance-system/ar-AAN1VEU?ocid=BingNews,Technology,Engadget,Unavailable,5h,9.0,False,False
WhatsApp Says It Won't Be Scanning Your Photos for Child Abuse,https://www.msn.com/en-us/news/technology/whatsapp-says-it-wont-be-scanning-your-photos-for-child-abuse/ar-AAN1Uxf?ocid=BingNews,Technology,Gizmodo,Unavailable,4h,10.0,False,False
There’s a better way for Facebook to resolve its fight with NYU researchers,https://www.msn.com/en-us/news/technology/there-s-a-better-way-for-facebook-to-resolve-its-fight-with-nyu-researchers/ar-AAN1OS7?ocid=BingNews,Technology,The Verge,Unavailable,5h,11.0,False,False
"Google is planning a new Silicon Valley campus with hardware hub, plans show",https://www.msn.com/en-us/finance/companies/google-is-planning-a-new-silicon-valley-campus-with-hardware-hub-plans-show/ar-AAN1E4h?ocid=BingNews,Technology,CNBC,Unavailable,8h,12.0,False,False
Review: ‘An Evening With Tony Bennett and Lady Gaga’ at Radio City Music Hall,https://www.msn.com/en-us/entertainment/news/review-an-evening-with-tony-bennett-and-lady-gaga-at-radio-city-music-hall/ar-AAN1y4z?ocid=BingNews,Entertainment,Vulture.com,Unavailable,7h,1.0,False,False
Jennifer Aniston defends cutting ties with unvaccinated friends,https://www.msn.com/en-us/health/wellness/jennifer-aniston-defends-cutting-ties-with-unvaccinated-friends/ar-AAN1JdN?ocid=BingNews,Entertainment,Reuters,Unavailable,7h,2.0,False,False
"Please, Famous White People, Stop Telling Us You Don’t Bathe",https://www.msn.com/en-us/movies/celebrity/please-famous-white-people-stop-telling-us-you-don-t-bathe/ar-AAN1Cym?ocid=BingNews,Entertainment,The Daily Beast,Unavailable,6h,3.0,False,False
Chicago house music DJ and music producer Paul Johnson dies at 50 from COVID complications,https://www.msn.com/en-us/music/news/chicago-house-music-dj-and-music-producer-paul-johnson-dies-at-50-from-covid-complications/ar-AAN1T1C?ocid=BingNews,Entertainment,Chicago Tribune,Unavailable,5h,4.0,False,False
"Keesha Sharp To Direct Episodes Of ‘Our Kind Of People’, ‘Charmed’ & ‘Superman & Lois’",https://www.msn.com/en-us/tv/news/keesha-sharp-to-direct-episodes-of-our-kind-of-people-charmed-superman-lois/ar-AAN1Sjd?ocid=BingNews,Entertainment,Deadline,Unavailable,47m,5.0,False,False
Tony Baker Says His Heart is 'Absolutely Broken' After Son Was Killed: 'I Loved That Boy So Much',https://www.msn.com/en-us/tv/celebrity/tony-baker-says-his-heart-is-absolutely-broken-after-son-was-killed-i-loved-that-boy-so-much/ar-AAN26f1?ocid=BingNews,Entertainment,People,Unavailable,2h,6.0,False,False
SAG-AFTRA President On Scarlett Johansson’s ‘Black Widow’ Lawsuit: “Disney Should Be Ashamed”,https://www.msn.com/en-us/entertainment/news/sag-aftra-president-on-scarlett-johansson-s-black-widow-lawsuit-disney-should-be-ashamed/ar-AAN24Gk?ocid=BingNews,Entertainment,Deadline,Unavailable,1h,7.0,False,False
"Baron Wolman, Alice Cooper Talk Early Rolling Stone in ‘Icon: Music Through the Lens’ Clip",https://www.msn.com/en-us/music/news/baron-wolman-alice-cooper-talk-early-rolling-stone-in-e2-80-98icon-music-through-the-lens-e2-80-99-clip/ar-AAN1R8k?ocid=BingNews,Entertainment,Rolling Stone,Unavailable,4h,8.0,False,False
Wednesday Addams Series at Netflix Casts Luis Guzman as Gomez,https://www.msn.com/en-us/tv/news/wednesday-addams-series-at-netflix-casts-luis-guzm%C3%A1n-as-gomez/ar-AAN1zdY?ocid=BingNews,Entertainment,Variety,Unavailable,8h,9.0,False,False
Tokyo Olympics Viewership & Ratings Hit New Lows As Games’ Final Days Loom,https://www.msn.com/en-us/entertainment/news/tokyo-olympics-viewership-ratings-hit-new-lows-as-games-final-days-loom/ar-AAN1ZMm?ocid=BingNews,Entertainment,Deadline,Unavailable,2h,10.0,False,False
"""Val"" captures the bittersweet paradox of Kilmer's life and art, both hamstrung by his own intensity",https://www.msn.com/en-us/entertainment/news/val-captures-the-bittersweet-paradox-of-kilmers-life-and-art-both-hamstrung-by-his-own-intensity/ar-AAN1WJu?ocid=BingNews,Entertainment,Salon,Unavailable,2h,11.0,False,False
"If Everything’s a Little Bit Gay, What Happens to Queer Film and TV?",https://www.msn.com/en-us/tv/reviews/if-everything-s-a-little-bit-gay-what-happens-to-queer-film-and-tv/ar-AAN1GAh?ocid=BingNews,Entertainment,IndieWire,Unavailable,7h,12.0,False,False
Homeland Security warns of increasing threat of violence from Trump conspiracy,https://www.msn.com/en-us/news/politics/homeland-security-warns-of-increasing-threat-of-violence-from-trump-conspiracy/ar-AAN29gR?ocid=BingNews,Politics,ABC News,Unavailable,30m,1.0,False,False
Biden officials weigh using regulatory powers to spur vaccine mandates,https://www.msn.com/en-us/news/politics/biden-officials-weigh-using-regulatory-powers-to-spur-vaccine-mandates/ar-AAN1Ro0?ocid=BingNews,Politics,The Washington Post,Unavailable,3h,2.0,False,False
Jan. 6 select committee to hire former GOP representative as adviser: Source,https://www.msn.com/en-us/news/politics/jan-6-select-committee-to-hire-former-gop-representative-as-adviser-source/ar-AAN1Xif?ocid=BingNews,Politics,ABC News,Unavailable,1h,3.0,False,False
President of country’s largest LGBTQ rights group ensnared in Cuomo scandal,https://www.msn.com/en-us/news/us/president-of-countrys-largest-lgbtq-rights-group-ensnared-in-cuomo-scandal/ar-AAN1YiS?ocid=BingNews,Politics,NBC News,Unavailable,4h,4.0,False,False
9/11 Families Tell Biden Not to Attend Memorial If He Doesn’t Declassify Files,https://www.msn.com/en-us/news/politics/911-families-tell-biden-not-to-attend-memorial-if-he-doesn-t-declassify-files/ar-AAN22Dd?ocid=BingNews,Politics,National Review,Unavailable,2h,5.0,False,False
Trump-world reinforces support for Murkowski challenger as Palin mulls Senate run,https://www.msn.com/en-us/news/politics/trump-world-reinforces-support-for-murkowski-challenger-as-palin-mulls-senate-run/ar-AAN1D4m?ocid=BingNews,Politics,POLITICO,Unavailable,4h,6.0,False,False
MassGOP chair: Donald Trump would likely back Geoff Diehl over Charlie Baker in governor’s race,https://www.msn.com/en-us/news/politics/massgop-chair-donald-trump-would-likely-back-geoff-diehl-over-charlie-baker-in-governor-s-race/ar-AAN1HKb?ocid=BingNews,Politics,Boston.com,Unavailable,5h,7.0,False,False
Maryland lawmakers to study needs of state parks,https://www.msn.com/en-us/news/us/maryland-lawmakers-to-study-needs-of-state-parks/ar-AAN1U1X?ocid=BingNews,Politics,Baltimore Sun,Unavailable,4h,8.0,False,False
How a Trump environmental lawyer tried to weaponize the Justice Department to help the President,https://www.msn.com/en-us/news/politics/how-a-trump-environmental-lawyer-tried-to-weaponize-the-justice-department-to-help-the-president/ar-AAN1Pld?ocid=BingNews,Politics,CNN,Unavailable,4h,9.0,False,False
"Ex-Cuomo Staffer, ‘Executive Assistant #1' in AG Report, Files Criminal Complaint",https://www.msn.com/en-us/news/us/ex-cuomo-staffer-executive-assistant-1-in-ag-report-files-criminal-complaint/ar-AAN1qYt?ocid=BingNews,Politics,NBC New York,Unavailable,8h,10.0,False,False
Gym owner pleads guilty to assaulting officer in Jan. 6 riot,https://www.msn.com/en-us/news/us/capitol-rioters-enter-1st-guilty-pleas-to-assaulting-police/ar-AAN1G2L?ocid=BingNews,Politics,Associated Press,Unavailable,8h,11.0,False,False
Murphy unveils N.J. school mask mandate as some parents protest. He says mask opponents are ‘lying.’,https://www.msn.com/en-us/health/wellness/murphy-unveils-nj-school-mask-mandate-as-some-parents-protest-he-says-mask-opponents-are-lying/ar-AAN1Abp?ocid=BingNews,Politics,NJ.com,Unavailable,7h,12.0,False,False
"Stock market news live updates: S&P 500, Dow jump to all-time highs after blowout July jobs report",https://www.msn.com/en-us/money/markets/stock-market-news-live-updates-s-p-500-dow-jump-to-all-time-highs-after-blowout-july-jobs-report/ar-AAMZuQd?ocid=BingNews,Business,Yahoo! Finance,Unavailable,5h,1.0,False,False
These are the top 10 stocks Reddit's Wall Street Bets is talking about right now,https://www.msn.com/en-us/finance/topstocks/these-are-the-top-10-stocks-reddits-wall-street-bets-is-talking-about-right-now/ar-AAN1nKB?ocid=BingNews,Business,Business Insider,Unavailable,11h,2.0,False,False
Bill Gates’s Cascade Transfers $2.4 Billion in Shares to Melinda French Gates,https://www.msn.com/en-us/money/companies/bill-gates-s-cascade-transfers-24-billion-in-shares-to-melinda-french-gates/ar-AAN1UI6?ocid=BingNews,Business,Bloomberg,Unavailable,4h,3.0,False,False
DeJoy maintains financial ties to former company as USPS awards it new $120 million contract,https://www.msn.com/en-us/news/us/dejoy-maintains-financial-ties-to-former-company-as-usps-awards-it-new-24120-million-contract/ar-AAN1N6l?ocid=BingNews,Business,The Boston Globe,Unavailable,5h,4.0,False,False
Investors are shorting Cathie Wood's ARK Innovation ETF at the highest level ever,https://www.msn.com/en-us/finance/other/investors-are-shorting-cathie-woods-ark-innovation-etf-at-the-highest-level-ever/ar-AAN1fcK?ocid=BingNews,Business,Business Insider,Unavailable,11h,5.0,False,False
"Florida Hits Record; JPMorgan, Amazon Mask Up: Virus Update",https://www.msn.com/en-us/finance/other/florida-hits-record-jpmorgan-amazon-mask-up-virus-update/ar-AAN225z?ocid=BingNews,Business,Bloomberg,Unavailable,3h,6.0,False,False
"Employers added 943,000 jobs last month as recovery gains steam",https://www.msn.com/en-us/money/markets/unemployment-rate-falls-to-54-as-recovery-picks-up-steam/ar-AAN11vq?ocid=BingNews,Business,ABC News,Unavailable,7h,7.0,False,False
"Hawaii, Masked and Vaccinated, Still Falls Prey to Delta Strain",https://www.msn.com/en-us/finance/other/hawaii-masked-and-vaccinated-still-falls-prey-to-delta-strain/ar-AAN1N9h?ocid=BingNews,Business,Bloomberg,Unavailable,7h,8.0,False,False
Track your Aug. 13 child tax credit online. Here's how,https://www.msn.com/en-us/money/taxes/track-your-aug-13-child-tax-credit-online-heres-how/ar-AALVR74?ocid=BingNews,Business,CNET,Unavailable,2h,9.0,False,False
South Dakota's Sturgis rally roars back as delta rising,https://www.msn.com/en-us/news/us/south-dakotas-sturgis-rally-roars-back-as-delta-rising/ar-AAN1AkN?ocid=BingNews,Business,Associated Press,Unavailable,7h,10.0,False,False
Robinhood Shares Rise as Firm Says Early Holders Must Wait to Sell,https://www.msn.com/en-us/finance/topstocks/robinhood-shares-rise-as-firm-says-early-holders-must-wait-to-sell/ar-AAN1A7X?ocid=BingNews,Business,TheStreet,Unavailable,8h,11.0,False,False
Don’t expect unemployment benefits if you don’t comply with your employer’s vaccine requirement,https://www.msn.com/en-us/money/careersandeducation/if-your-employer-fires-you-because-you-won-t-get-the-covid-vaccine-don-t-expect-to-collect-unemployment/ar-AAN1ItZ?ocid=BingNews,Business,MarketWatch,Unavailable,1h,12.0,False,False
