article_headline,article_url,article_topic,source_name,source_url,article_datetime,article_position,article_isopinion
"What to know about Haiti, where President Jovenel Moïse was just assassinated",https://news.google.com/articles/CAIiEHVFDumgED1OCy65UQiPlVQqGAgEKg8IACoHCAowjtSUCjC30XQwzqe5AQ?hl=en-US&gl=US&ceid=US%3Aen,Headlines,The Washington Post,https://news.google.com/publications/CAAqBwgKMI7UlAowt9F0?hl=en-US&gl=US&ceid=US%3Aen,2021-07-07T17:01:11Z,1.0,False
Haiti in upheaval: President Moïse assassinated at home,https://news.google.com/articles/CBMiSWh0dHBzOi8vbmV3cy55YWhvby5jb20vb2ZmaWNpYWwtaGFpdGktcHJlc2lkZW50LWpvdmVuZWwtbW8tMTAyMDE4NTkzLmh0bWzSAVFodHRwczovL25ld3MueWFob28uY29tL2FtcGh0bWwvb2ZmaWNpYWwtaGFpdGktcHJlc2lkZW50LWpvdmVuZWwtbW8tMTAyMDE4NTkzLmh0bWw?hl=en-US&gl=US&ceid=US%3Aen,Headlines,Yahoo News,,2021-07-07T10:20:18Z,1.1,False
"Haitian President Jovenel Moïse assassinated at home, official says",https://news.google.com/articles/CAIiEEzWL0rKwQxAiktmtXK-BDUqGQgEKhAIACoHCAowwL2ICzCckocDMOODqQY?hl=en-US&gl=US&ceid=US%3Aen,Headlines,Fox News,https://news.google.com/publications/CAAqBwgKMMC9iAswnJKHAw?hl=en-US&gl=US&ceid=US%3Aen,2021-07-07T12:07:52Z,1.2,False
Haiti President Jovenel Moise assassinated in attack on his residence,https://news.google.com/articles/CAIiEFC88I4_3P4_cT2Kjx6o4XEqMwgEKioIACIQpzoRSNLEm6QR--MasMLSAioUCAoiEKc6EUjSxJukEfvjGrDC0gIw1anKBg?hl=en-US&gl=US&ceid=US%3Aen,Headlines,CNN ,https://news.google.com/publications/CAAiEKc6EUjSxJukEfvjGrDC0gIqFAgKIhCnOhFI0sSbpBH74xqwwtIC?hl=en-US&gl=US&ceid=US%3Aen,2021-07-07T13:08:00Z,1.3,False
Haiti calls for UN Security Council meeting after president's assassination | TheHill,https://news.google.com/articles/CBMidWh0dHBzOi8vdGhlaGlsbC5jb20vcG9saWN5L2ludGVybmF0aW9uYWwvYW1lcmljYXMvNTYxODcyLWhhaXRpLWNhbGxzLWZvci11bi1zZWN1cml0eS1jb3VuY2lsLW1lZXRpbmctYWZ0ZXItcHJlc2lkZW50c9IBeWh0dHBzOi8vdGhlaGlsbC5jb20vcG9saWN5L2ludGVybmF0aW9uYWwvYW1lcmljYXMvNTYxODcyLWhhaXRpLWNhbGxzLWZvci11bi1zZWN1cml0eS1jb3VuY2lsLW1lZXRpbmctYWZ0ZXItcHJlc2lkZW50cz9hbXA?hl=en-US&gl=US&ceid=US%3Aen,Headlines,The Hill,,2021-07-07T16:30:26Z,1.4,False
Tropical Storm Elsa Makes Landfall in Florida,https://news.google.com/articles/CAIiEE-EBIzKL3ufBNXLpBjwU0sqGAgEKg8IACoHCAowjuuKAzCWrzwwsLGmBg?hl=en-US&gl=US&ceid=US%3Aen,Headlines,The New York Times,https://news.google.com/publications/CAAqBwgKMI7rigMwlq88?hl=en-US&gl=US&ceid=US%3Aen,2021-07-07T18:28:18Z,2.0,False
"Blog: Elsa expected to reach Hampton Roads on Thursday, bulk of wind and rain expected Thursday night",https://news.google.com/articles/CBMiVmh0dHBzOi8vd3d3LndhdnkuY29tL2Jsb2dzL2Jsb2ctaGVhdC1pbmRleC1uZWFyLTEwMC10b2RheS1lbHNhLWV4cGVjdGVkLWxhdGUtdGh1cnNkYXkv0gFaaHR0cHM6Ly93d3cud2F2eS5jb20vYmxvZ3MvYmxvZy1oZWF0LWluZGV4LW5lYXItMTAwLXRvZGF5LWVsc2EtZXhwZWN0ZWQtbGF0ZS10aHVyc2RheS9hbXAv?hl=en-US&gl=US&ceid=US%3Aen,Headlines,WAVY.com,,2021-07-07T13:07:49Z,2.1,False
Webcams show live weather conditions along NC beaches as Elsa heads toward Fayetteville,https://news.google.com/articles/CBMiggFodHRwczovL3d3dy5mYXlvYnNlcnZlci5jb20vc3RvcnkvbmV3cy8yMDIxLzA3LzA3L3Ryb3BpY2FsLXN0b3JtLWVsc2EtbGl2ZS11cGRhdGVzLWZheWV0dGV2aWxsZS1ub3J0aC1jYXJvbGluYS13ZWJjYW1zLzc4ODY5MjMwMDIv0gEqaHR0cHM6Ly9hbXAuZmF5b2JzZXJ2ZXIuY29tL2FtcC83ODg2OTIzMDAy?hl=en-US&gl=US&ceid=US%3Aen,Headlines,The Fayetteville Observer,,2021-07-07T15:32:15Z,2.2,False
Elsa: Warnings Extended to Chesapeake Bay,https://news.google.com/articles/CBMiQGh0dHBzOi8vd2VhdGhlcmJveS5jb20vZWxzYS13YXJuaW5ncy1leHRlbmRlZC10by1jaGVzYXBlYWtlLWJheS_SAQA?hl=en-US&gl=US&ceid=US%3Aen,Headlines,Weatherboy,,2021-07-07T10:41:04Z,2.3,False
"Tracking Elsa: More rain, wind expected for parts of our area Thursday",https://news.google.com/articles/CAIiEMlrrNBIgvR7EVa7Vu5vCZYqGQgEKhAIACoHCAowjtT-CjCSgvcCMMm03gU?hl=en-US&gl=US&ceid=US%3Aen,Headlines,WSLS 10,https://news.google.com/publications/CAAqBwgKMI7U_gowkoL3Ag?hl=en-US&gl=US&ceid=US%3Aen,2021-07-07T07:27:09Z,2.4,False
Confirmed death toll in Miami Beach-area condo collapse rises to 46,https://news.google.com/articles/CAIiECorfMImsG7On4qP8wW6a-4qGQgEKhAIACoHCAowvIaCCzDnxf4CMN2F8gU?hl=en-US&gl=US&ceid=US%3Aen,Headlines,NBC News,https://news.google.com/publications/CAAqBwgKMLyGggsw58X-Ag?hl=en-US&gl=US&ceid=US%3Aen,2021-07-07T16:29:00Z,3.0,False
10 more bodies found in Miami-area condo collapse; death toll reaches 46,https://news.google.com/articles/CAIiEL2n-UPn8zDUXNiqMwx7fyQqGQgEKhAIACoHCAowjsP7CjCSpPQCMKCK0wU?hl=en-US&gl=US&ceid=US%3Aen,Headlines,USA TODAY,https://news.google.com/publications/CAAqBwgKMI7D-wowkqT0Ag?hl=en-US&gl=US&ceid=US%3Aen,2021-07-07T16:14:34Z,3.1,False
10 more victims found in Florida condo rubble; death toll 46,https://news.google.com/articles/CBMiP2h0dHBzOi8vbmV3cy55YWhvby5jb20vOC1tb3JlLWRlYWQtcHVsbGVkLXJ1YmJsZS0wNTI1NTczNTUuaHRtbNIBR2h0dHBzOi8vbmV3cy55YWhvby5jb20vYW1waHRtbC84LW1vcmUtZGVhZC1wdWxsZWQtcnViYmxlLTA1MjU1NzM1NS5odG1s?hl=en-US&gl=US&ceid=US%3Aen,Headlines,Yahoo News,,2021-07-07T05:28:43Z,3.2,False
"After Surfside horror, we may never look at beach condo living in Florida the same way | Opinion",https://news.google.com/articles/CAIiEHZXwx8db8CgiSOv98ngLKQqGQgEKhAIACoHCAow3oP-CjCIx_YCMMq63AU?hl=en-US&gl=US&ceid=US%3Aen,Headlines,Miami Herald,https://news.google.com/publications/CAAqBwgKMN6D_gowiMf2Ag?hl=en-US&gl=US&ceid=US%3Aen,2021-07-07T10:00:00Z,3.3,True
"14 Days After Florida Condo Collapse, No Signs of Survivors: Death Toll Rises to 46",https://news.google.com/articles/CBMiY2h0dHBzOi8vd3d3MS5jYm4uY29tL2Nibm5ld3MvdXMvMjAyMS9qdWx5LzgtbW9yZS1kZWFkLXB1bGxlZC1mcm9tLXJ1YmJsZS1vZi1jb2xsYXBzZWQtZmxvcmlkYS1jb25kb9IBAA?hl=en-US&gl=US&ceid=US%3Aen,Headlines,CBN News,,2021-07-07T09:05:01Z,3.4,False
"In Illinois, Biden to push money for families and child care",https://news.google.com/articles/CBMiaGh0dHBzOi8vYXBuZXdzLmNvbS9hcnRpY2xlL2pvZS1iaWRlbi1pbGxpbm9pcy1idXNpbmVzcy1oZWFsdGgtZWR1Y2F0aW9uLThhNTE0Mjg3NmM1MWQ4YWJjMjNmM2I2ZjVkYTIwYTU40gEA?hl=en-US&gl=US&ceid=US%3Aen,Headlines,Associated Press,,2021-07-07T17:48:45Z,4.0,False
"President Biden visits Illinois, discusses American Families Plan",https://news.google.com/articles/CCAiC3FtYTAwbi1Ed2FzmAEB?hl=en-US&gl=US&ceid=US%3Aen,Headlines,FOX 2 St. Louis,,2021-07-07T18:10:34Z,4.1,False
Biden has lost his patience with the 'negative' press corps before six-month mark,https://news.google.com/articles/CBMiSGh0dHBzOi8vbmV3cy55YWhvby5jb20vYmlkZW4tbG9zdC1wYXRpZW5jZS1uZWdhdGl2ZS1wcmVzcy0xMTAwMDAxMTQuaHRtbNIBUGh0dHBzOi8vbmV3cy55YWhvby5jb20vYW1waHRtbC9iaWRlbi1sb3N0LXBhdGllbmNlLW5lZ2F0aXZlLXByZXNzLTExMDAwMDExNC5odG1s?hl=en-US&gl=US&ceid=US%3Aen,Headlines,Yahoo News,,2021-07-07T11:00:00Z,4.2,False
Biden to spike ball here prior to touchdown,https://news.google.com/articles/CAIiEPfQd-iLBeET7XbERju8eCUqGQgEKhAIACoHCAowsbfwCjCm2LoCMOeDkgM?hl=en-US&gl=US&ceid=US%3Aen,Headlines,Chicago Sun-Times,https://news.google.com/publications/CAAqBwgKMLG38Aowpti6Ag?hl=en-US&gl=US&ceid=US%3Aen,2021-07-06T17:55:40Z,4.3,True
Hannity wants to know who's actually running the White House,https://news.google.com/articles/CBMiWWh0dHBzOi8vd3d3LmZveG5ld3MuY29tL21lZGlhL2hhbm5pdHktd2FudHMtdG8ta25vdy13aG9zLWFjdHVhbGx5LXJ1bm5pbmctdGhlLXdoaXRlLWhvdXNl0gFdaHR0cHM6Ly93d3cuZm94bmV3cy5jb20vbWVkaWEvaGFubml0eS13YW50cy10by1rbm93LXdob3MtYWN0dWFsbHktcnVubmluZy10aGUtd2hpdGUtaG91c2UuYW1w?hl=en-US&gl=US&ceid=US%3Aen,Headlines,Fox News,,2021-07-07T02:44:25Z,4.4,False
Melinda French Gates will resign if she and Bill Gates can't work together at their foundation,https://news.google.com/articles/CAIiEG0QA_ajZ_NoqVCHZ8DKQuEqGQgEKhAIACoHCAow2Nb3CjDivdcCMMPf7gU?hl=en-US&gl=US&ceid=US%3Aen,Headlines,CNBC,https://news.google.com/publications/CAAqBwgKMNjW9wow4r3XAg?hl=en-US&gl=US&ceid=US%3Aen,2021-07-07T16:11:04Z,5.0,False
Bill Gates Can Remove Melinda French Gates From Foundation in Two Years,https://news.google.com/articles/CAIiEAOXj_Xvazow8ogeBQEPPfIqFwgEKg8IACoHCAowjuuKAzCWrzww9oAY?hl=en-US&gl=US&ceid=US%3Aen,Headlines,The New York Times,https://news.google.com/publications/CAAqBwgKMI7rigMwlq88?hl=en-US&gl=US&ceid=US%3Aen,2021-07-07T16:26:43Z,5.1,False
Bill Gates could oust Melinda French Gates from their foundation in 2023,https://news.google.com/articles/CAIiEA668RfGQzrvrY2rdMZI8Q0qMwgEKioIACIQpzoRSNLEm6QR--MasMLSAioUCAoiEKc6EUjSxJukEfvjGrDC0gIw1anKBg?hl=en-US&gl=US&ceid=US%3Aen,Headlines,CNN ,https://news.google.com/publications/CAAiEKc6EUjSxJukEfvjGrDC0gIqFAgKIhCnOhFI0sSbpBH74xqwwtIC?hl=en-US&gl=US&ceid=US%3Aen,2021-07-07T16:39:40Z,5.2,False
Gates Foundation Reveals Plan in Case Co-Chairs Can’t Work Together,https://news.google.com/articles/CAIiEHiQRHAGBgmy7ok5pNhZG6wqGAgEKg8IACoHCAow1tzJATDnyxUww8rPBg?hl=en-US&gl=US&ceid=US%3Aen,Headlines,The Wall Street Journal,https://news.google.com/publications/CAAqBwgKMNbcyQEw58sV?hl=en-US&gl=US&ceid=US%3Aen,2021-07-07T16:57:00Z,5.3,False
Foundation says Bill Gates can force Melinda French Gates to resign in two years | TheHill,https://news.google.com/articles/CBMidWh0dHBzOi8vdGhlaGlsbC5jb20vYmxvZ3MvYmxvZy1icmllZmluZy1yb29tL25ld3MvNTYxODU0LWZvdW5kYXRpb24tc2F5cy1iaWxsLWdhdGVzLWNhbi1mb3JjZS1tZWxpbmRhLWZyZW5jaC1nYXRlcy10b9IBeWh0dHBzOi8vdGhlaGlsbC5jb20vYmxvZ3MvYmxvZy1icmllZmluZy1yb29tL25ld3MvNTYxODU0LWZvdW5kYXRpb24tc2F5cy1iaWxsLWdhdGVzLWNhbi1mb3JjZS1tZWxpbmRhLWZyZW5jaC1nYXRlcy10bz9hbXA?hl=en-US&gl=US&ceid=US%3Aen,Headlines,The Hill,,2021-07-07T15:48:43Z,5.4,False
Trump is suing Mark Zuckerberg and Jack Dorsey. Here's why they shouldn't worry,https://news.google.com/articles/CAIiEHLaj2x1Vwzzancd5Aim2p0qMwgEKioIACIQpzoRSNLEm6QR--MasMLSAioUCAoiEKc6EUjSxJukEfvjGrDC0gIwpvTQBg?hl=en-US&gl=US&ceid=US%3Aen,Headlines,CNN ,https://news.google.com/publications/CAAiEKc6EUjSxJukEfvjGrDC0gIqFAgKIhCnOhFI0sSbpBH74xqwwtIC?hl=en-US&gl=US&ceid=US%3Aen,2021-07-07T17:41:27Z,6.0,False
"Trump to sue Facebook, Twitter, Google over alleged censorship, says they've 'ceased to be private'",https://news.google.com/articles/CAIiEPUaKHd-JAbD-sPeVHcYHsMqGQgEKhAIACoHCAowwL2ICzCckocDMMaPqQY?hl=en-US&gl=US&ceid=US%3Aen,Headlines,Fox News,https://news.google.com/publications/CAAqBwgKMMC9iAswnJKHAw?hl=en-US&gl=US&ceid=US%3Aen,2021-07-07T14:48:27Z,6.1,False
"Trump sues Twitter, Facebook, Google – and immediately begins fundraising off the effort",https://news.google.com/articles/CAIiEA82PQxbw3KZu9VA6ZonJVIqGQgEKhAIACoHCAow2Nb3CjDivdcCMP3ungY?hl=en-US&gl=US&ceid=US%3Aen,Headlines,CNBC,https://news.google.com/publications/CAAqBwgKMNjW9wow4r3XAg?hl=en-US&gl=US&ceid=US%3Aen,2021-07-07T17:33:23Z,6.2,False
Trump sues Big Tech CEOs,https://news.google.com/articles/CAIiEIc-SBzYyvHZr7rsk-DD_TQqGQgEKhAIACoHCAowysWECzCkqIEDMM-pgwY?hl=en-US&gl=US&ceid=US%3Aen,Headlines,Axios,https://news.google.com/publications/CAAqBwgKMMrFhAswpKiBAw?hl=en-US&gl=US&ceid=US%3Aen,2021-07-07T15:21:01Z,6.3,False
"Trump files class action lawsuits targeting Facebook, Google and Twitter over ‘censorship’ of conservatives",https://news.google.com/articles/CAIiEAeCxetfAlminNex-AQHB6AqGAgEKg8IACoHCAowjtSUCjC30XQwzqe5AQ?hl=en-US&gl=US&ceid=US%3Aen,Headlines,The Washington Post,https://news.google.com/publications/CAAqBwgKMI7UlAowt9F0?hl=en-US&gl=US&ceid=US%3Aen,2021-07-07T15:45:23Z,6.4,False
"READ IT: Trump lawsuits against Twitter, Facebook, Google over alleged big tech censorship",https://news.google.com/articles/CAIiEOj2ePtFg7yFcz-1PPj1GyAqGQgEKhAIACoHCAowwL2ICzCckocDMMaPqQY?hl=en-US&gl=US&ceid=US%3Aen,U.S.,Fox News,https://news.google.com/publications/CAAqBwgKMMC9iAswnJKHAw?hl=en-US&gl=US&ceid=US%3Aen,2021-07-07T16:54:45Z,7.0,False
Trump is suing Mark Zuckerberg and Jack Dorsey. Here's why they shouldn't worry,https://news.google.com/articles/CAIiEHLaj2x1Vwzzancd5Aim2p0qMwgEKioIACIQpzoRSNLEm6QR--MasMLSAioUCAoiEKc6EUjSxJukEfvjGrDC0gIwpvTQBg?hl=en-US&gl=US&ceid=US%3Aen,U.S.,CNN ,https://news.google.com/publications/CAAiEKc6EUjSxJukEfvjGrDC0gIqFAgKIhCnOhFI0sSbpBH74xqwwtIC?hl=en-US&gl=US&ceid=US%3Aen,2021-07-07T17:41:27Z,7.1,False
"Trump sues Twitter, Facebook, Google – and immediately begins fundraising off the effort",https://news.google.com/articles/CAIiEA82PQxbw3KZu9VA6ZonJVIqGQgEKhAIACoHCAow2Nb3CjDivdcCMP3ungY?hl=en-US&gl=US&ceid=US%3Aen,U.S.,CNBC,https://news.google.com/publications/CAAqBwgKMNjW9wow4r3XAg?hl=en-US&gl=US&ceid=US%3Aen,2021-07-07T17:33:23Z,7.2,False
"Trump to sue Facebook, Twitter, Google over alleged censorship, says they've 'ceased to be private'",https://news.google.com/articles/CAIiEPUaKHd-JAbD-sPeVHcYHsMqGQgEKhAIACoHCAowwL2ICzCckocDMMaPqQY?hl=en-US&gl=US&ceid=US%3Aen,U.S.,Fox News,https://news.google.com/publications/CAAqBwgKMMC9iAswnJKHAw?hl=en-US&gl=US&ceid=US%3Aen,2021-07-07T14:48:27Z,7.3,False
Trump sues Big Tech CEOs,https://news.google.com/articles/CAIiEIc-SBzYyvHZr7rsk-DD_TQqGQgEKhAIACoHCAowysWECzCkqIEDMM-pgwY?hl=en-US&gl=US&ceid=US%3Aen,U.S.,Axios,https://news.google.com/publications/CAAqBwgKMMrFhAswpKiBAw?hl=en-US&gl=US&ceid=US%3Aen,2021-07-07T15:21:01Z,7.4,False
FDNY firefighters boycotting Hometown Heroes ticker tape parade,https://news.google.com/articles/CAIiEO0ig4ol8L2ysM0wJd3Iz-kqGQgEKhAIACoHCAow1feUCzCqy6oDMPPizQY?hl=en-US&gl=US&ceid=US%3Aen,U.S.,New York Daily News,https://news.google.com/publications/CAAqBwgKMNX3lAswqsuqAw?hl=en-US&gl=US&ceid=US%3Aen,2021-07-07T13:45:33Z,8.0,False
MTA Worker Honored To Represent At Parade,https://news.google.com/articles/CCAiCzRoRk5Ic2RGdXNVmAEB?hl=en-US&gl=US&ceid=US%3Aen,U.S.,CBS New York,,2021-07-07T18:14:19Z,8.1,False
NYC Fetes Essential Workers With Ticker-Tape Parade Down Canyon of Heroes,https://news.google.com/articles/CBMib2h0dHBzOi8vd3d3Lm5iY25ld3lvcmsuY29tL25ld3MvY29yb25hdmlydXMvbnljLWhvbm9ycy1lc3NlbnRpYWwtd29ya2Vycy1hdC1wYXJhZGUtdXAtY2FueW9uLW9mLWhlcm9lcy8zMTQyMTEzL9IBc2h0dHBzOi8vd3d3Lm5iY25ld3lvcmsuY29tL25ld3MvY29yb25hdmlydXMvbnljLWhvbm9ycy1lc3NlbnRpYWwtd29ya2Vycy1hdC1wYXJhZGUtdXAtY2FueW9uLW9mLWhlcm9lcy8zMTQyMTEzLz9hbXA?hl=en-US&gl=US&ceid=US%3Aen,U.S.,NBC New York,,2021-07-07T12:26:33Z,8.2,False
NYC EMTs to boycott ticker tape parade honoring COVID workers,https://news.google.com/articles/CAIiEA5sVaI6MdzM-OSvPA9Ij4cqGQgEKhAIACoHCAow1feUCzCqy6oDMPPizQY?hl=en-US&gl=US&ceid=US%3Aen,U.S.,New York Daily News,https://news.google.com/publications/CAAqBwgKMNX3lAswqsuqAw?hl=en-US&gl=US&ceid=US%3Aen,2021-07-06T22:31:07Z,8.3,True
Parade for New York's Covid heroes leaves out this key truth,https://news.google.com/articles/CAIiEHAVX8_EyTvK09VW4_k_fcMqMwgEKioIACIQpzoRSNLEm6QR--MasMLSAioUCAoiEKc6EUjSxJukEfvjGrDC0gIw1anKBg?hl=en-US&gl=US&ceid=US%3Aen,U.S.,CNN ,https://news.google.com/publications/CAAiEKc6EUjSxJukEfvjGrDC0gIqFAgKIhCnOhFI0sSbpBH74xqwwtIC?hl=en-US&gl=US&ceid=US%3Aen,2021-07-07T12:27:56Z,8.4,True
GOP Rep. Chip Roy says he wants '18 more months of chaos and the inability to get stuff done',https://news.google.com/articles/CAIiEMV1foDpe987XM56VihjG4YqMwgEKioIACIQpzoRSNLEm6QR--MasMLSAioUCAoiEKc6EUjSxJukEfvjGrDC0gIwpvTQBg?hl=en-US&gl=US&ceid=US%3Aen,U.S.,CNN ,https://news.google.com/publications/CAAiEKc6EUjSxJukEfvjGrDC0gIqFAgKIhCnOhFI0sSbpBH74xqwwtIC?hl=en-US&gl=US&ceid=US%3Aen,2021-07-07T17:26:58Z,9.0,False
DeSantis risks Trump backlash as his star rises | TheHill,https://news.google.com/articles/CBMiXGh0dHBzOi8vdGhlaGlsbC5jb20vaG9tZW5ld3MvY2FtcGFpZ24vNTYxNzQwLWRlc2FudGlzLXJpc2tzLXRydW1wLWJhY2tsYXNoLWFzLWhpcy1zdGFyLXJpc2Vz0gFgaHR0cHM6Ly90aGVoaWxsLmNvbS9ob21lbmV3cy9jYW1wYWlnbi81NjE3NDAtZGVzYW50aXMtcmlza3MtdHJ1bXAtYmFja2xhc2gtYXMtaGlzLXN0YXItcmlzZXM_YW1w?hl=en-US&gl=US&ceid=US%3Aen,U.S.,The Hill,,2021-07-07T10:00:45Z,9.1,False
Editorial: Abbott’s new ploy to get Texas voting bill passed — hostage-taking of legislative salaries,https://news.google.com/articles/CAIiEGRJ2uVfEy6juMUosMqKEocqGQgEKhAIACoHCAow8-P4CjDSst8CMKqixAU?hl=en-US&gl=US&ceid=US%3Aen,U.S.,Houston Chronicle ,https://news.google.com/publications/CAAqBwgKMPPj-Aow0rLfAg?hl=en-US&gl=US&ceid=US%3Aen,2021-07-07T08:26:21Z,9.2,True
Opinion | Biden keeps working hard to help Trump voters,https://news.google.com/articles/CAIiEHEbzLbROEJWNcT2n402W_wqGAgEKg8IACoHCAowjtSUCjC30XQw_qe5AQ?hl=en-US&gl=US&ceid=US%3Aen,U.S.,The Washington Post,https://news.google.com/publications/CAAqBwgKMI7UlAowt9F0?hl=en-US&gl=US&ceid=US%3Aen,2021-07-07T17:01:25Z,9.3,True
It's crazy that we have to launch Republicans for Voting Rights. This is Trump's doing.,https://news.google.com/articles/CAIiEOX6scetBHc6IhND84q_fI8qGQgEKhAIACoHCAowjsP7CjCSpPQCMJCK0wU?hl=en-US&gl=US&ceid=US%3Aen,U.S.,USA TODAY,https://news.google.com/publications/CAAqBwgKMI7D-wowkqT0Ag?hl=en-US&gl=US&ceid=US%3Aen,2021-07-07T07:15:16Z,9.4,True
Israel again demolishes Palestinian village in West Bank,https://news.google.com/articles/CBMiUWh0dHBzOi8vbmV3cy55YWhvby5jb20vaXNyYWVsLWFnYWluLWRlbW9saXNoZXMtcGFsZXN0aW5pYW4tdmlsbGFnZS0xMzU5MzEyNDAuaHRtbNIBWWh0dHBzOi8vbmV3cy55YWhvby5jb20vYW1waHRtbC9pc3JhZWwtYWdhaW4tZGVtb2xpc2hlcy1wYWxlc3Rpbmlhbi12aWxsYWdlLTEzNTkzMTI0MC5odG1s?hl=en-US&gl=US&ceid=US%3Aen,World,Yahoo News,,2021-07-07T13:59:31Z,10.0,False
Controversial Citizenship Law Is Defeated In The Israeli Knesset,https://news.google.com/articles/CBMiemh0dHBzOi8vd3d3Lm5wci5vcmcvMjAyMS8wNy8wNi8xMDEzMzUxNTk3L2lzcmFlbHMtbmV3LWdvdmVybm1lbnQtZGVhbHQtYS1zZXRiYWNrLXdpdGgtZGVmZWF0LW9mLWNvbnRyb3ZlcnNpYWwtY2l0aXplbnNoaXAt0gEA?hl=en-US&gl=US&ceid=US%3Aen,World,NPR,,2021-07-06T16:10:00Z,10.1,False
The Palestinians’ problem with the Authority,https://news.google.com/articles/CAIiEKUDF2teTuofbKa8WKYV0KIqGAgEKg8IACoHCAowjtSUCjC30XQwn6G5AQ?hl=en-US&gl=US&ceid=US%3Aen,World,The Washington Post,https://news.google.com/publications/CAAqBwgKMI7UlAowt9F0?hl=en-US&gl=US&ceid=US%3Aen,2021-07-07T04:01:11Z,10.2,False
Critic’s Death Puts Focus on Palestinian Authority’s Authoritarianism,https://news.google.com/articles/CAIiEG_WSroidiHalk9-fL-p8ZMqFwgEKg8IACoHCAowjuuKAzCWrzww5oEY?hl=en-US&gl=US&ceid=US%3Aen,World,The New York Times,https://news.google.com/publications/CAAqBwgKMI7rigMwlq88?hl=en-US&gl=US&ceid=US%3Aen,2021-07-07T15:25:35Z,10.3,False
Palestinians Hope Israel's New Government Will Bring Progress To This Poor Town,https://news.google.com/articles/CBMidGh0dHBzOi8vd3d3Lm5wci5vcmcvMjAyMS8wNy8wNy8xMDEzNjQ1NjY3L3Jlc2lkZW50cy1ob3BlLW5ldy1pc3JhZWxpLWdvdmVybm1lbnQtd2lsbC1zcGVlZC1wcm9ncmVzcy10by10aGUtYXJhYi10b3du0gEA?hl=en-US&gl=US&ceid=US%3Aen,World,NPR,,2021-07-07T14:01:00Z,10.4,False
Haitian President Jovenel Moïse assassinated in his home,https://news.google.com/articles/CAIiEL97lJI69BtQVeRIxUaBRqYqGQgEKhAIACoHCAowyNj6CjDyiPICMJyFxQU?hl=en-US&gl=US&ceid=US%3Aen,World,CBS News,https://news.google.com/publications/CAAqBwgKMMjY-gow8ojyAg?hl=en-US&gl=US&ceid=US%3Aen,2021-07-07T17:37:19Z,11.0,False
Haiti in upheaval: President Moïse assassinated at home,https://news.google.com/articles/CBMiSWh0dHBzOi8vbmV3cy55YWhvby5jb20vb2ZmaWNpYWwtaGFpdGktcHJlc2lkZW50LWpvdmVuZWwtbW8tMTAyMDE4NTkzLmh0bWzSAVFodHRwczovL25ld3MueWFob28uY29tL2FtcGh0bWwvb2ZmaWNpYWwtaGFpdGktcHJlc2lkZW50LWpvdmVuZWwtbW8tMTAyMDE4NTkzLmh0bWw?hl=en-US&gl=US&ceid=US%3Aen,World,Yahoo News,,2021-07-07T10:20:18Z,11.1,False
Haiti calls for UN Security Council meeting after president's assassination | TheHill,https://news.google.com/articles/CBMidWh0dHBzOi8vdGhlaGlsbC5jb20vcG9saWN5L2ludGVybmF0aW9uYWwvYW1lcmljYXMvNTYxODcyLWhhaXRpLWNhbGxzLWZvci11bi1zZWN1cml0eS1jb3VuY2lsLW1lZXRpbmctYWZ0ZXItcHJlc2lkZW50c9IBeWh0dHBzOi8vdGhlaGlsbC5jb20vcG9saWN5L2ludGVybmF0aW9uYWwvYW1lcmljYXMvNTYxODcyLWhhaXRpLWNhbGxzLWZvci11bi1zZWN1cml0eS1jb3VuY2lsLW1lZXRpbmctYWZ0ZXItcHJlc2lkZW50cz9hbXA?hl=en-US&gl=US&ceid=US%3Aen,World,The Hill,,2021-07-07T16:30:26Z,11.2,False
"Haitian President Jovenel Moïse assassinated at home, official says",https://news.google.com/articles/CAIiEEzWL0rKwQxAiktmtXK-BDUqGQgEKhAIACoHCAowwL2ICzCckocDMOODqQY?hl=en-US&gl=US&ceid=US%3Aen,World,Fox News,https://news.google.com/publications/CAAqBwgKMMC9iAswnJKHAw?hl=en-US&gl=US&ceid=US%3Aen,2021-07-07T12:07:52Z,11.3,False
"Haitian leader's killing draws condemnation, calls for calm",https://news.google.com/articles/CBMib2h0dHBzOi8vYXBuZXdzLmNvbS9hcnRpY2xlL2hhaXRpLXByZXNpZGVudC1qb3ZlbmVsLW1vaXNlLWtpbGxlZC13b3JsZC1yZWFjdGlvbi1jYTMwODlkZjFiZGU3OGU5MzczOWU2MDdiYTg3ZjhhZNIBAA?hl=en-US&gl=US&ceid=US%3Aen,World,Associated Press,,2021-07-07T14:02:14Z,11.4,False
Famed Dutch crime reporter shot in head,https://news.google.com/articles/CBMiMWh0dHBzOi8vd3d3LmZveG5ld3MuY29tL3dvcmxkL2R1dGNoLXJlcG9ydGVyLXNob3TSATVodHRwczovL3d3dy5mb3huZXdzLmNvbS93b3JsZC9kdXRjaC1yZXBvcnRlci1zaG90LmFtcA?hl=en-US&gl=US&ceid=US%3Aen,World,Fox News,,2021-07-07T12:18:32Z,12.0,False
A Dutch journalist exposed the mob and defied death threats. Now he’s been shot in the head.,https://news.google.com/articles/CAIiEEt5TMJPuNdpGzlN3iNNcFUqGAgEKg8IACoHCAowjtSUCjC30XQwzqe5AQ?hl=en-US&gl=US&ceid=US%3Aen,World,The Washington Post,https://news.google.com/publications/CAAqBwgKMI7UlAowt9F0?hl=en-US&gl=US&ceid=US%3Aen,2021-07-07T09:53:04Z,12.1,False
Prominent Dutch Crime Reporter Is Shot in Center of Amsterdam,https://news.google.com/articles/CAIiEJYVB4CI4tUk98PTyHhon8IqFwgEKg8IACoHCAowjuuKAzCWrzwwt4QY?hl=en-US&gl=US&ceid=US%3Aen,World,The New York Times,https://news.google.com/publications/CAAqBwgKMI7rigMwlq88?hl=en-US&gl=US&ceid=US%3Aen,2021-07-06T23:26:29Z,12.2,False
Crime reporter Peter R. de Vries shot in the head on Amsterdam street: Report,https://news.google.com/articles/CBMiX2h0dHBzOi8vbmx0aW1lcy5ubC8yMDIxLzA3LzA2L2NyaW1lLXJlcG9ydGVyLXBldGVyLXItZGUtdnJpZXMtc2hvdC1oZWFkLWFtc3RlcmRhbS1zdHJlZXQtcmVwb3J00gEA?hl=en-US&gl=US&ceid=US%3Aen,World,NL Times,,2021-07-06T18:35:00Z,12.3,True
"Dutch crime reporter shot, badly wounded in Amsterdam street",https://news.google.com/articles/CBMiXGh0dHBzOi8vYXBuZXdzLmNvbS9hcnRpY2xlL2Ftc3RlcmRhbS1ldXJvcGUtY3JpbWUtc2hvb3RpbmdzLTUwMmI2MmQyMzgwZDZmZjcxZjkxYWY3Y2E5Yjk4YWU00gEA?hl=en-US&gl=US&ceid=US%3Aen,World,Associated Press,,2021-07-06T20:20:21Z,12.4,False
Ever Given leaves Suez Canal more than 3 months after blockage,https://news.google.com/articles/CAIiEE7b6AiLCTRVc7DhIWSYfkgqGQgEKhAIACoHCAowvIaCCzDnxf4CMM2F8gU?hl=en-US&gl=US&ceid=US%3Aen,World,NBC News,https://news.google.com/publications/CAAqBwgKMLyGggsw58X-Ag?hl=en-US&gl=US&ceid=US%3Aen,2021-07-07T13:33:17Z,13.0,False
The Ever Given is finally leaving the Suez Canal,https://news.google.com/articles/CAIiEIlmvt6BfepoO0PfP1vipUQqMwgEKioIACIQpzoRSNLEm6QR--MasMLSAioUCAoiEKc6EUjSxJukEfvjGrDC0gIw1KnKBg?hl=en-US&gl=US&ceid=US%3Aen,World,CNN ,https://news.google.com/publications/CAAiEKc6EUjSxJukEfvjGrDC0gIqFAgKIhCnOhFI0sSbpBH74xqwwtIC?hl=en-US&gl=US&ceid=US%3Aen,2021-07-07T13:38:39Z,13.1,False
Ever Given: Ship that blocked Suez Canal sets sail after deal signed,https://news.google.com/articles/CBMiM2h0dHBzOi8vd3d3LmJiYy5jb20vbmV3cy93b3JsZC1taWRkbGUtZWFzdC01Nzc0NjQyNNIBN2h0dHBzOi8vd3d3LmJiYy5jb20vbmV3cy93b3JsZC1taWRkbGUtZWFzdC01Nzc0NjQyNC5hbXA?hl=en-US&gl=US&ceid=US%3Aen,World,BBC News,,2021-07-07T16:34:25Z,13.2,False
Ever Given Container Ship That Blocked Suez Canal Sets Sail After Owner Pays Compensation,https://news.google.com/articles/CAIiEBCVAqRKNpKMR-1pN_okGGcqGAgEKg8IACoHCAow1tzJATDnyxUww8rPBg?hl=en-US&gl=US&ceid=US%3Aen,World,The Wall Street Journal,https://news.google.com/publications/CAAqBwgKMNbcyQEw58sV?hl=en-US&gl=US&ceid=US%3Aen,2021-07-07T13:28:00Z,13.3,False
Ever Given released by Egyptian authorities months after blocking Suez Canal,https://news.google.com/articles/CAIiEHaBShaPLs9jIor3p2342UgqGAgEKg8IACoHCAowhK-LAjD4ySwwrNS0BQ?hl=en-US&gl=US&ceid=US%3Aen,World,New York Post ,https://news.google.com/publications/CAAqBwgKMISviwIw-Mks?hl=en-US&gl=US&ceid=US%3Aen,2021-07-07T12:23:49Z,13.4,False
China is cracking down on stocks that trade on U.S. exchanges. Here's what it means if you hold them,https://news.google.com/articles/CAIiEOH2_c8HHh6PMsvGgoTId6QqGQgEKhAIACoHCAow2Nb3CjDivdcCMJ_d7gU?hl=en-US&gl=US&ceid=US%3Aen,Business,CNBC,https://news.google.com/publications/CAAqBwgKMNjW9wow4r3XAg?hl=en-US&gl=US&ceid=US%3Aen,2021-07-07T16:24:34Z,14.0,False
"Down $831 Billion, China Tech Firm Selloff May Be Far From Over",https://news.google.com/articles/CBMiSWh0dHBzOi8vZmluYW5jZS55YWhvby5jb20vbmV3cy9kb3duLTgzMS1iaWxsaW9uLWNoaW5hLXRlY2gtMDQzNzA4MTc5Lmh0bWzSAVFodHRwczovL2ZpbmFuY2UueWFob28uY29tL2FtcGh0bWwvbmV3cy9kb3duLTgzMS1iaWxsaW9uLWNoaW5hLXRlY2gtMDQzNzA4MTc5Lmh0bWw?hl=en-US&gl=US&ceid=US%3Aen,Business,Yahoo Tech,,2021-07-07T08:43:43Z,14.1,False
Didi’s China Probe Adds to Business Challenges at Home and Abroad,https://news.google.com/articles/CAIiEG-xh1YZQCKOoPwSPhlpELcqGAgEKg8IACoHCAow1tzJATDnyxUwx8rPBg?hl=en-US&gl=US&ceid=US%3Aen,Business,The Wall Street Journal,https://news.google.com/publications/CAAqBwgKMNbcyQEw58sV?hl=en-US&gl=US&ceid=US%3Aen,2021-07-07T12:09:00Z,14.2,False
National security must not be ignored on Big Tech IPO trail,https://news.google.com/articles/CAIiEISiX_Rm2u3rH4j90Bge4XcqGQgEKhAIACoHCAowief2CjCJ2dUCMOySxwU?hl=en-US&gl=US&ceid=US%3Aen,Business,South China Morning Post,https://news.google.com/publications/CAAqBwgKMInn9gowidnVAg?hl=en-US&gl=US&ceid=US%3Aen,2021-07-06T15:48:15Z,14.3,True
Didi Crackdown: Wall Street Should Have Seen the Regulatory Risks Coming,https://news.google.com/articles/CAIiEAB4bLGwea10WpBlk2DBmV4qGQgEKhAIACoHCAow4uzwCjCF3bsCMIrOrwM?hl=en-US&gl=US&ceid=US%3Aen,Business,Bloomberg,https://news.google.com/publications/CAAqBwgKMOLs8Aowhd27Ag?hl=en-US&gl=US&ceid=US%3Aen,2021-07-06T12:43:36Z,14.4,True
Melinda French Gates will resign if she and Bill Gates can't work together at their foundation,https://news.google.com/articles/CAIiEG0QA_ajZ_NoqVCHZ8DKQuEqGQgEKhAIACoHCAow2Nb3CjDivdcCMMPf7gU?hl=en-US&gl=US&ceid=US%3Aen,Business,CNBC,https://news.google.com/publications/CAAqBwgKMNjW9wow4r3XAg?hl=en-US&gl=US&ceid=US%3Aen,2021-07-07T16:11:04Z,15.0,False
Bill Gates Can Remove Melinda French Gates From Foundation in Two Years,https://news.google.com/articles/CAIiEAOXj_Xvazow8ogeBQEPPfIqFwgEKg8IACoHCAowjuuKAzCWrzww9oAY?hl=en-US&gl=US&ceid=US%3Aen,Business,The New York Times,https://news.google.com/publications/CAAqBwgKMI7rigMwlq88?hl=en-US&gl=US&ceid=US%3Aen,2021-07-07T16:26:43Z,15.1,False
Bill Gates could oust Melinda French Gates from their foundation in 2023,https://news.google.com/articles/CAIiEA668RfGQzrvrY2rdMZI8Q0qMwgEKioIACIQpzoRSNLEm6QR--MasMLSAioUCAoiEKc6EUjSxJukEfvjGrDC0gIw1anKBg?hl=en-US&gl=US&ceid=US%3Aen,Business,CNN ,https://news.google.com/publications/CAAiEKc6EUjSxJukEfvjGrDC0gIqFAgKIhCnOhFI0sSbpBH74xqwwtIC?hl=en-US&gl=US&ceid=US%3Aen,2021-07-07T16:39:40Z,15.2,False
Gates Foundation Reveals Plan in Case Co-Chairs Can’t Work Together,https://news.google.com/articles/CAIiEHiQRHAGBgmy7ok5pNhZG6wqGAgEKg8IACoHCAow1tzJATDnyxUww8rPBg?hl=en-US&gl=US&ceid=US%3Aen,Business,The Wall Street Journal,https://news.google.com/publications/CAAqBwgKMNbcyQEw58sV?hl=en-US&gl=US&ceid=US%3Aen,2021-07-07T16:57:00Z,15.3,False
Foundation says Bill Gates can force Melinda French Gates to resign in two years | TheHill,https://news.google.com/articles/CBMidWh0dHBzOi8vdGhlaGlsbC5jb20vYmxvZ3MvYmxvZy1icmllZmluZy1yb29tL25ld3MvNTYxODU0LWZvdW5kYXRpb24tc2F5cy1iaWxsLWdhdGVzLWNhbi1mb3JjZS1tZWxpbmRhLWZyZW5jaC1nYXRlcy10b9IBeWh0dHBzOi8vdGhlaGlsbC5jb20vYmxvZ3MvYmxvZy1icmllZmluZy1yb29tL25ld3MvNTYxODU0LWZvdW5kYXRpb24tc2F5cy1iaWxsLWdhdGVzLWNhbi1mb3JjZS1tZWxpbmRhLWZyZW5jaC1nYXRlcy10bz9hbXA?hl=en-US&gl=US&ceid=US%3Aen,Business,The Hill,,2021-07-07T15:48:43Z,15.4,False
U.S. Stocks Edge Down Ahead of Fed Minutes,https://news.google.com/articles/CAIiEFRGjFaEA0kz6SqXAKpDgXoqGAgEKg8IACoHCAow1tzJATDnyxUwyMrPBg?hl=en-US&gl=US&ceid=US%3Aen,Business,The Wall Street Journal,https://news.google.com/publications/CAAqBwgKMNbcyQEw58sV?hl=en-US&gl=US&ceid=US%3Aen,2021-07-07T18:11:00Z,16.0,False
"10-year Treasury yield falls to 1.30%, the lowest since February",https://news.google.com/articles/CAIiEKxOcYd5nu4GYvkYptl11v0qGQgEKhAIACoHCAow2Nb3CjDivdcCMJ_d7gU?hl=en-US&gl=US&ceid=US%3Aen,Business,CNBC,https://news.google.com/publications/CAAqBwgKMNjW9wow4r3XAg?hl=en-US&gl=US&ceid=US%3Aen,2021-07-07T17:11:31Z,16.1,False
"Fed officials say important they be 'well positioned' to act, minutes show",https://news.google.com/articles/CBMicGh0dHBzOi8vd3d3LnJldXRlcnMuY29tL2J1c2luZXNzL2ZlZC1taW51dGVzLW1heS1wcm92aWRlLWNsdWVzLWJvbmQtdGFwZXItdGltZWxpbmUtaW5mbGF0aW9uLW91dGxvb2stMjAyMS0wNy0wNy_SAQA?hl=en-US&gl=US&ceid=US%3Aen,Business,Reuters,,2021-07-07T18:13:00Z,16.2,False
Op-Ed: The Foundation of a Balanced Portfolio May Be Shifting — Here's What to Look For,https://news.google.com/articles/CBMicGh0dHBzOi8vd3d3LmFpLWNpby5jb20vbmV3cy9vcC1lZC10aGUtZm91bmRhdGlvbi1vZi1hLWJhbGFuY2VkLXBvcnRmb2xpby1tYXktYmUtc2hpZnRpbmctaGVyZXMtd2hhdC10by1sb29rLWZvci_SAQA?hl=en-US&gl=US&ceid=US%3Aen,Business,Chief Investment Officer,,2021-07-06T18:00:48Z,16.3,True
The Fed Is Underestimating the Risk of Inflation,https://news.google.com/articles/CAIiEHUB6yRtn6dqYA2Dc_T_ofAqGAgEKg8IACoHCAow1tzJATDnyxUwycrPBg?hl=en-US&gl=US&ceid=US%3Aen,Business,The Wall Street Journal,https://news.google.com/publications/CAAqBwgKMNbcyQEw58sV?hl=en-US&gl=US&ceid=US%3Aen,2021-07-05T21:19:00Z,16.4,True
The Kaseya ransomware attack: Everything we know so far,https://news.google.com/articles/CBMiVWh0dHBzOi8vd3d3LnpkbmV0LmNvbS9hcnRpY2xlL3RoZS1rYXNleWEtcmFuc29td2FyZS1hdHRhY2stZXZlcnl0aGluZy13ZS1rbm93LXNvLWZhci_SAWBodHRwczovL3d3dy56ZG5ldC5jb20vZ29vZ2xlLWFtcC9hcnRpY2xlL3RoZS1rYXNleWEtcmFuc29td2FyZS1hdHRhY2stZXZlcnl0aGluZy13ZS1rbm93LXNvLWZhci8?hl=en-US&gl=US&ceid=US%3Aen,Business,ZDNet,,2021-07-07T13:14:00Z,17.0,False
"White House says new ransomware attack not yet attributed, vows to 'take action' if Russia doesn't",https://news.google.com/articles/CAIiEOGLQIGDzGZEO8STPjBB7u8qGQgEKhAIACoHCAowwL2ICzCckocDMMaPqQY?hl=en-US&gl=US&ceid=US%3Aen,Business,Fox News,https://news.google.com/publications/CAAqBwgKMMC9iAswnJKHAw?hl=en-US&gl=US&ceid=US%3Aen,2021-07-06T19:11:36Z,17.1,False
Holding the world to ransom: the top 5 most dangerous criminal organisations online right now,https://news.google.com/articles/CBMif2h0dHBzOi8vdGhlY29udmVyc2F0aW9uLmNvbS9ob2xkaW5nLXRoZS13b3JsZC10by1yYW5zb20tdGhlLXRvcC01LW1vc3QtZGFuZ2Vyb3VzLWNyaW1pbmFsLW9yZ2FuaXNhdGlvbnMtb25saW5lLXJpZ2h0LW5vdy0xNjM5NzfSAYMBaHR0cHM6Ly90aGVjb252ZXJzYXRpb24uY29tL2FtcC9ob2xkaW5nLXRoZS13b3JsZC10by1yYW5zb20tdGhlLXRvcC01LW1vc3QtZGFuZ2Vyb3VzLWNyaW1pbmFsLW9yZ2FuaXNhdGlvbnMtb25saW5lLXJpZ2h0LW5vdy0xNjM5Nzc?hl=en-US&gl=US&ceid=US%3Aen,Business,The Conversation AU,,2021-07-07T06:09:00Z,17.2,False
We just had another ransomware attack. It’s time Biden gave Putin an ultimatum.,https://news.google.com/articles/CAIiENhxineTgaSPk9KaLvOklW0qGAgEKg8IACoHCAowjtSUCjC30XQwp469Bg?hl=en-US&gl=US&ceid=US%3Aen,Business,The Washington Post,https://news.google.com/publications/CAAqBwgKMI7UlAowt9F0?hl=en-US&gl=US&ceid=US%3Aen,2021-07-06T21:01:54Z,17.3,True
Rebekah Koffler: Russia's cyberattacks on America expose Biden's weakness,https://news.google.com/articles/CAIiEMuXZBl5m-P4S8eVBbr4dDkqGQgEKhAIACoHCAowwL2ICzCckocDMKuUqQY?hl=en-US&gl=US&ceid=US%3Aen,Business,Fox News,https://news.google.com/publications/CAAqBwgKMMC9iAswnJKHAw?hl=en-US&gl=US&ceid=US%3Aen,2021-07-06T16:50:46Z,17.4,True
Microsoft issues emergency Windows patches for PrintNightmare flaw,https://news.google.com/articles/CAIiEMZy4uHn0i8nUsn2V8UKeqkqGAgEKg8IACoHCAowwOjjAjDp3xsw_oySBw?hl=en-US&gl=US&ceid=US%3Aen,Technology,Engadget,https://news.google.com/publications/CAAqBwgKMMDo4wIw6d8b?hl=en-US&gl=US&ceid=US%3Aen,2021-07-07T11:01:24Z,18.0,False
Microsoft issues urgent security warning: Update your PC immediately,https://news.google.com/articles/CBMiPmh0dHBzOi8vd3d3LmNubi5jb20vMjAyMS8wNy8wNy90ZWNoL21pY3Jvc29mdC1zZWN1cml0eS11cGRhdGUv0gFMaHR0cHM6Ly9hbXAuY25uLmNvbS9jbm4vMjAyMS8wNy8wNy90ZWNoL21pY3Jvc29mdC1zZWN1cml0eS11cGRhdGUvaW5kZXguaHRtbA?hl=en-US&gl=US&ceid=US%3Aen,Technology,CNN,,2021-07-07T12:43:00Z,18.1,False
Can My PC Run Windows 11?,https://news.google.com/articles/CAIiEOXGgqgC8PsLVoew9hhkMs4qFwgEKg4IACoGCAowgKU8MISNBzCr08MG?hl=en-US&gl=US&ceid=US%3Aen,Technology,PCMag,https://news.google.com/publications/CAAqBggKMIClPDCEjQc?hl=en-US&gl=US&ceid=US%3Aen,2021-07-07T13:41:17Z,18.2,False
Microsoft Patches A Major Exploit From Windows' Printer Service,https://news.google.com/articles/CAIiEF-W309N_HxpUBx09llnW8MqMwgEKioIACIQ4eZVCfUvh0fQ2m7Cn7ChFyoUCAoiEOHmVQn1L4dH0Npuwp-woRcws_fLBg?hl=en-US&gl=US&ceid=US%3Aen,Technology,Tom's Hardware,https://news.google.com/publications/CAAiEOHmVQn1L4dH0Npuwp-woRcqFAgKIhDh5lUJ9S-HR9DabsKfsKEX?hl=en-US&gl=US&ceid=US%3Aen,2021-07-07T16:16:27Z,18.3,False
"How to change your taskbar, notification center, and quick settings like a pro on Windows 11",https://news.google.com/articles/CAIiEHWA_As2dcrGRLQZY8rBn0IqGQgEKhAIACoHCAowjJykCzDPprwDMPCSiAc?hl=en-US&gl=US&ceid=US%3Aen,Technology,OnMSFT.com,https://news.google.com/publications/CAAqBwgKMIycpAswz6a8Aw?hl=en-US&gl=US&ceid=US%3Aen,2021-07-07T14:07:05Z,18.4,False
Google Chrome is fixing one of the biggest annoyances with tabs,https://news.google.com/articles/CAIiELt4wdkccuzt-qvBJhULmYAqMwgEKioIACIQ7SNyo2_kBOaP4H9koW3jwSoUCAoiEO0jcqNv5ATmj-B_ZKFt48EwqtfLBg?hl=en-US&gl=US&ceid=US%3Aen,Technology,Tom's Guide,https://news.google.com/publications/CAAiEO0jcqNv5ATmj-B_ZKFt48EqFAgKIhDtI3Kjb-QE5o_gf2ShbePB?hl=en-US&gl=US&ceid=US%3Aen,2021-07-07T12:23:26Z,19.0,False
Don't Update Your Chromebook Yet,https://news.google.com/articles/CAIiEOfPPbTsZCeZJxUeMzfAuzAqFQgEKg0IACoGCAowlIECMLBMMJ-mHg?hl=en-US&gl=US&ceid=US%3Aen,Technology,Gizmodo,https://news.google.com/publications/CAAqBggKMJSBAjCwTA?hl=en-US&gl=US&ceid=US%3Aen,2021-07-06T19:20:00Z,19.1,False
"The best browser to replace Google Chrome on Windows, Mac, iPhone, and Android",https://news.google.com/articles/CBMiamh0dHBzOi8vd3d3LnpkbmV0LmNvbS9hcnRpY2xlL3RoZS1iZXN0LWJyb3dzZXItdG8tcmVwbGFjZS1nb29nbGUtY2hyb21lLW9uLXdpbmRvd3MtbWFjLWlwaG9uZS1hbmQtYW5kcm9pZC_SAXVodHRwczovL3d3dy56ZG5ldC5jb20vZ29vZ2xlLWFtcC9hcnRpY2xlL3RoZS1iZXN0LWJyb3dzZXItdG8tcmVwbGFjZS1nb29nbGUtY2hyb21lLW9uLXdpbmRvd3MtbWFjLWlwaG9uZS1hbmQtYW5kcm9pZC8?hl=en-US&gl=US&ceid=US%3Aen,Technology,ZDNet,,2021-07-06T12:26:00Z,19.2,False
How to install Respondus LockDown Browser and Monitor on a Chromebook,https://news.google.com/articles/CAIiEG3ZfrPvluL8H5IzqCkf1CoqGQgEKhAIACoHCAowy5uiCzCOproDMJmGjAc?hl=en-US&gl=US&ceid=US%3Aen,Technology,Chrome Unboxed,https://news.google.com/publications/CAAqBwgKMMubogswjqa6Aw?hl=en-US&gl=US&ceid=US%3Aen,2021-07-07T15:36:09Z,19.3,False
Chrome for Android test puts alternate Google Search results in top bar,https://news.google.com/articles/CAIiECrXtoyWg_3Akm9hLGXB8bsqGQgEKhAIACoHCAowyoD5CjD5z-ACMM_rvwU?hl=en-US&gl=US&ceid=US%3Aen,Technology,9to5Google,https://news.google.com/publications/CAAqBwgKMMqA-Qow-c_gAg?hl=en-US&gl=US&ceid=US%3Aen,2021-07-06T18:28:34Z,19.4,False
Samsung Galaxy F22 is here to impress us with its huge 6000 mAh battery,https://news.google.com/articles/CBMiS2h0dHBzOi8vd3d3LnBob25lYXJlbmEuY29tL25ld3Mvc2Ftc3VuZy1nYWxheHktZjIyLW9mZmljaWFsLWxhdW5jaF9pZDEzMzM5N9IBAA?hl=en-US&gl=US&ceid=US%3Aen,Technology,PhoneArena,,2021-07-07T05:19:11Z,20.0,False
Samsung Galaxy Z Flip 3 Lite could be the biggest foldable phone of the year,https://news.google.com/articles/CAIiEPCdihTsICKKZMiobQiwROgqMwgEKioIACIQ7SNyo2_kBOaP4H9koW3jwSoUCAoiEO0jcqNv5ATmj-B_ZKFt48EwqtfLBg?hl=en-US&gl=US&ceid=US%3Aen,Technology,Tom's Guide,https://news.google.com/publications/CAAiEO0jcqNv5ATmj-B_ZKFt48EqFAgKIhDtI3Kjb-QE5o_gf2ShbePB?hl=en-US&gl=US&ceid=US%3Aen,2021-07-07T07:00:58Z,20.1,False
These are the best Samsung Galaxy Book Go accessories,https://news.google.com/articles/CBMiR2h0dHBzOi8vd3d3LnhkYS1kZXZlbG9wZXJzLmNvbS9iZXN0LXNhbXN1bmctZ2FsYXh5LWJvb2stZ28tYWNjZXNzb3JpZXMv0gFLaHR0cHM6Ly93d3cueGRhLWRldmVsb3BlcnMuY29tL2Jlc3Qtc2Ftc3VuZy1nYWxheHktYm9vay1nby1hY2Nlc3Nvcmllcy9hbXAv?hl=en-US&gl=US&ceid=US%3Aen,Technology,XDA Developers,,2021-07-06T17:00:00Z,20.2,True
Android 12 has me more excited for the Pixel Fold than the Galaxy Z Fold 3,https://news.google.com/articles/CAIiEI-BXYPGj2EWNfHNy98KDBQqFAgEKg0IACoGCAowpYEBMMEXMLk_?hl=en-US&gl=US&ceid=US%3Aen,Technology,Android Central,https://news.google.com/publications/CAAqBggKMKWBATDBFw?hl=en-US&gl=US&ceid=US%3Aen,2021-07-07T10:30:02Z,20.3,False
New Samsung Galaxy Z Fold3 renders surface - GSMArena.com news,https://news.google.com/articles/CBMiYWh0dHBzOi8vd3d3LmdzbWFyZW5hLmNvbS91bmRlcmRpc3BsYXlfY2FtZXJhX3JlbmRlcmVkX29uX3NhbXN1bmdfZ2FsYXh5X3pfZm9sZDNfNWctbmV3cy00OTkyNS5waHDSAV5odHRwczovL20uZ3NtYXJlbmEuY29tL3VuZGVyZGlzcGxheV9jYW1lcmFfcmVuZGVyZWRfb25fc2Ftc3VuZ19nYWxheHlfel9mb2xkM181Zy1hbXAtNDk5MjUucGhw?hl=en-US&gl=US&ceid=US%3Aen,Technology,GSMArena.com,,2021-07-07T09:50:01Z,20.4,False
"Mmhmm raises $100M, which is a fun thing to say to people who don’t follow tech",https://news.google.com/articles/CAIiEAR8mAeE4s4TB9hACVjg7qMqFAgEKg0IACoGCAowlIEBMLEXMOc_?hl=en-US&gl=US&ceid=US%3Aen,Technology,TechCrunch,https://news.google.com/publications/CAAqBggKMJSBATCxFw?hl=en-US&gl=US&ceid=US%3Aen,2021-07-07T15:16:24Z,21.0,False
Mmmhmm Raises $100 Million,https://news.google.com/articles/CAIiEK9zM5suhUboMBQbW2MRIr4qGQgEKhAIACoHCAow4uzwCjCF3bsCMNGAygM?hl=en-US&gl=US&ceid=US%3Aen,Technology,Bloomberg,https://news.google.com/publications/CAAqBwgKMOLs8Aowhd27Ag?hl=en-US&gl=US&ceid=US%3Aen,2021-07-07T11:00:14Z,21.1,False
Evernote creator developing new video camera app that connects to your Mac,https://news.google.com/articles/CAIiEKzfyyxCAdmzh_Lpp9s4avIqFggEKg0IACoGCAows4UBMMAaMNPRtQY?hl=en-US&gl=US&ceid=US%3Aen,Technology,9to5Mac,https://news.google.com/publications/CAAqBggKMLOFATDAGg?hl=en-US&gl=US&ceid=US%3Aen,2021-07-07T14:58:38Z,21.2,False
"Mmhmm raises $100M, which is a fun thing to say to people who don't follow tech",https://news.google.com/articles/CBMiRGh0dHBzOi8vYXUubmV3cy55YWhvby5jb20vbW1obW0tcmFpc2VzLTEwMG0tZnVuLXRoaW5nLTE1MTU1OTc5NC5odG1s0gFMaHR0cHM6Ly9hdS5uZXdzLnlhaG9vLmNvbS9hbXBodG1sL21taG1tLXJhaXNlcy0xMDBtLWZ1bi10aGluZy0xNTE1NTk3OTQuaHRtbA?hl=en-US&gl=US&ceid=US%3Aen,Technology,Yahoo News Australia,,2021-07-07T15:50:29Z,21.3,False
A company called Mmhmm just raised US$100M,https://news.google.com/articles/CBMiUGh0dHBzOi8vd3d3LmJubmJsb29tYmVyZy5jYS9hLWNvbXBhbnktY2FsbGVkLW1taG1tLWp1c3QtcmFpc2VkLXVzLTEwMG0tMS4xNjI2MTg50gEA?hl=en-US&gl=US&ceid=US%3Aen,Technology,BNN,,2021-07-07T11:15:35Z,21.4,False
"Robert Downey Sr., accomplished filmmaker and actor, dead at 85",https://news.google.com/articles/CAIiEEdS-lGAs7kWZSsxdhXeG_kqGQgEKhAIACoHCAow1feUCzCqy6oDMKfjzwY?hl=en-US&gl=US&ceid=US%3Aen,Entertainment,New York Daily News,https://news.google.com/publications/CAAqBwgKMNX3lAswqsuqAw?hl=en-US&gl=US&ceid=US%3Aen,2021-07-07T15:24:45Z,22.0,False
"Robert Downey Sr., filmmaker and actor known for 'Putney Swope,' dead at 85",https://news.google.com/articles/CAIiEIrEo0jYCL--navM5CeU8kgqGQgEKhAIACoHCAowwL2ICzCckocDMOOUqQY?hl=en-US&gl=US&ceid=US%3Aen,Entertainment,Fox News,https://news.google.com/publications/CAAqBwgKMMC9iAswnJKHAw?hl=en-US&gl=US&ceid=US%3Aen,2021-07-07T17:35:20Z,22.1,False
"Robert Downey Sr., actor and filmmaker dad of Robert Jr., dead at 85",https://news.google.com/articles/CAIiEA9h68D_bPl81xxmehMgdFUqGAgEKg8IACoHCAowhK-LAjD4ySww_NW0BQ?hl=en-US&gl=US&ceid=US%3Aen,Entertainment,New York Post ,https://news.google.com/publications/CAAqBwgKMISviwIw-Mks?hl=en-US&gl=US&ceid=US%3Aen,2021-07-07T16:21:54Z,22.2,False
"Robert Downey Jr.'s Dad, Robert Sr. Dead at 85",https://news.google.com/articles/CBMiPGh0dHBzOi8vd3d3LnRtei5jb20vMjAyMS8wNy8wNy9yb2JlcnQtZG93bmV5LWpyLWRhZC1kZWFkLTg1L9IBPGh0dHBzOi8vYW1wLnRtei5jb20vMjAyMS8wNy8wNy9yb2JlcnQtZG93bmV5LWpyLWRhZC1kZWFkLTg1Lw?hl=en-US&gl=US&ceid=US%3Aen,Entertainment,TMZ,,2021-07-07T17:06:00Z,22.3,False
Robert Downey Sr. dies at 85: Filmmaker and father of Iron Man actor Robert Downey Jr. passes away,https://news.google.com/articles/CAIiEHY3E-pK8SdTEMvfu022tFQqGQgEKhAIACoHCAowzuOICzCZ4ocDMPOHowY?hl=en-US&gl=US&ceid=US%3Aen,Entertainment,Daily Mail,https://news.google.com/publications/CAAqBwgKMM7jiAswmeKHAw?hl=en-US&gl=US&ceid=US%3Aen,2021-07-07T18:06:30Z,22.4,False
"Marvel Studios' Black Widow - The Future of the MCU Teaser (2021) Scarlett Johansson, Rachel Weisz",https://news.google.com/articles/CCAiC2xtOEJrRXpEdndjmAEB?hl=en-US&gl=US&ceid=US%3Aen,Entertainment,IGN,,2021-07-07T15:38:46Z,23.0,False
Scarlett Johansson Is Reportedly Expecting a Baby With Colin Jost,https://news.google.com/articles/CBMiW2h0dHBzOi8vd3d3LnlhaG9vLmNvbS9saWZlc3R5bGUvc2NhcmxldHQtam9oYW5zc29uLXJlcG9ydGVkbHktZXhwZWN0aW5nLWJhYnktMDI1MTM4NDQwLmh0bWzSAWNodHRwczovL3d3dy55YWhvby5jb20vYW1waHRtbC9saWZlc3R5bGUvc2NhcmxldHQtam9oYW5zc29uLXJlcG9ydGVkbHktZXhwZWN0aW5nLWJhYnktMDI1MTM4NDQwLmh0bWw?hl=en-US&gl=US&ceid=US%3Aen,Entertainment,Yahoo Lifestyle,,2021-07-07T05:00:55Z,23.1,False
Review: 'Black Widow' a welcome distraction from the Marvel machine,https://news.google.com/articles/CBMigwFodHRwczovL3d3dy5kZXRyb2l0bmV3cy5jb20vc3RvcnkvZW50ZXJ0YWlubWVudC9tb3ZpZXMvMjAyMS8wNy8wNy9yZXZpZXctYmxhY2std2lkb3ctd2VsY29tZS1kaXN0cmFjdGlvbi1tYXJ2ZWwtbWFjaGluZS83ODQ0OTcxMDAyL9IBKmh0dHBzOi8vYW1wLmRldHJvaXRuZXdzLmNvbS9hbXAvNzg0NDk3MTAwMg?hl=en-US&gl=US&ceid=US%3Aen,Entertainment,The Detroit News,,2021-07-07T16:41:45Z,23.2,True
Is Black Widow Suitable For Children: How Violent Is It?,https://news.google.com/articles/CAIiEMa8HlW_x6CsTrRnmTVJZPMqGQgEKhAIACoHCAownqWBCzD44fwCMMymtwY?hl=en-US&gl=US&ceid=US%3Aen,Entertainment,Screen Rant,https://news.google.com/publications/CAAqBwgKMJ6lgQsw-OH8Ag?hl=en-US&gl=US&ceid=US%3Aen,2021-07-07T13:37:18Z,23.3,True
Scarlett Johansson and Colin Jost Are Reportedly Expecting Their First Child,https://news.google.com/articles/CAIiEAEiTRJW0XRP0WUQZVGr-_kqGAgEKg8IACoHCAowmKPyCTCo8nIwlKbsBQ?hl=en-US&gl=US&ceid=US%3Aen,Entertainment,Vanity Fair,https://news.google.com/publications/CAAqBwgKMJij8gkwqPJy?hl=en-US&gl=US&ceid=US%3Aen,2021-07-07T15:21:00Z,23.4,False
Paris Hilton addresses Britney Spears' court testimony about her boarding school abuse claims,https://news.google.com/articles/CAIiEG9toNKuycqFl94sIzGqgkEqGQgEKhAIACoHCAowwL2ICzCckocDMOOUqQY?hl=en-US&gl=US&ceid=US%3Aen,Entertainment,Fox News,https://news.google.com/publications/CAAqBwgKMMC9iAswnJKHAw?hl=en-US&gl=US&ceid=US%3Aen,2021-07-07T15:01:53Z,24.0,False
Britney Spears's court-appointed lawyer joins manager in resigning after shocking conservatorship hearing,https://news.google.com/articles/CAIiEEaI8ROwxecB9H4cQEzOKBUqGQgEKhAIACoHCAow4bOVCzDCl6sDMPaglQc?hl=en-US&gl=US&ceid=US%3Aen,Entertainment,Yahoo Entertainment,https://news.google.com/publications/CAAqBwgKMOGzlQswwperAw?hl=en-US&gl=US&ceid=US%3Aen,2021-07-06T23:49:33Z,24.1,False
Paris Hilton Speaks Out After Britney Spears' Comments About Her During Singer's Testimony,https://news.google.com/articles/CAIiEO2pzoeWxuw5d431LxUzK-QqMwgEKioIACIQX-9p7_sH7N6PQHR1ks8HhyoUCAoiEF_vae_7B-zej0B0dZLPB4cw_oSKBw?hl=en-US&gl=US&ceid=US%3Aen,Entertainment,PEOPLE,https://news.google.com/publications/CAAiEF_vae_7B-zej0B0dZLPB4cqFAgKIhBf72nv-wfs3o9AdHWSzweH?hl=en-US&gl=US&ceid=US%3Aen,2021-07-07T13:36:23Z,24.2,False
Britney Spears' court-appointed attorney has submitted petition to resign,https://news.google.com/articles/CAIiELVR3NU0DQL7TqXJRzh2fB4qMwgEKioIACIQpzoRSNLEm6QR--MasMLSAioUCAoiEKc6EUjSxJukEfvjGrDC0gIwkYHRBg?hl=en-US&gl=US&ceid=US%3Aen,Entertainment,CNN ,https://news.google.com/publications/CAAiEKc6EUjSxJukEfvjGrDC0gIqFAgKIhCnOhFI0sSbpBH74xqwwtIC?hl=en-US&gl=US&ceid=US%3Aen,2021-07-07T02:10:48Z,24.3,False
Help people like Britney Spears with conservatorship reform,https://news.google.com/articles/CAIiEGE-o75QxUSuisdg_3bC3HUqFwgEKg4IACoGCAowjKxcMOvhCzDOkLcB?hl=en-US&gl=US&ceid=US%3Aen,Entertainment,Los Angeles Times,https://news.google.com/publications/CAAqBggKMIysXDDr4Qs?hl=en-US&gl=US&ceid=US%3Aen,2021-07-06T10:15:42Z,24.4,True
"The Cannes Film Festival Is Back, Lavish and Maskless",https://news.google.com/articles/CAIiEPa2PZw0BqFlydGL4_GlquQqFwgEKg8IACoHCAowjuuKAzCWrzwwt4QY?hl=en-US&gl=US&ceid=US%3Aen,Entertainment,The New York Times,https://news.google.com/publications/CAAqBwgKMI7rigMwlq88?hl=en-US&gl=US&ceid=US%3Aen,2021-07-07T16:13:06Z,25.0,False
Cannes Film Festival 2021: Lavish looks from the red carpet,https://news.google.com/articles/CBMiS2h0dHBzOi8vd3d3LmNubi5jb20vc3R5bGUvYXJ0aWNsZS9jYW5uZXMtMjAyMS1yZWQtY2FycGV0LWZhc2hpb24vaW5kZXguaHRtbNIBR2h0dHBzOi8vd3d3LmNubi5jb20vc3R5bGUvYW1wL2Nhbm5lcy0yMDIxLXJlZC1jYXJwZXQtZmFzaGlvbi9pbmRleC5odG1s?hl=en-US&gl=US&ceid=US%3Aen,Entertainment,CNN,,2021-07-07T10:59:28Z,25.1,False
'Annette': Cannes Review | Reviews | Screen,https://news.google.com/articles/CBMiSWh0dHBzOi8vd3d3LnNjcmVlbmRhaWx5LmNvbS9yZXZpZXdzL2FubmV0dGUtY2FubmVzLXJldmlldy81MTYxMTcyLmFydGljbGXSAQA?hl=en-US&gl=US&ceid=US%3Aen,Entertainment,Screen International,,2021-07-06T19:45:02Z,25.2,True
8 of Jodie Foster’s Greatest Performances (So Far),https://news.google.com/articles/CAIiEJw1YNRtyYRz0xrTjvvUMpUqGAgEKg8IACoHCAow6KLyCTDY8XIwtqfsBQ?hl=en-US&gl=US&ceid=US%3Aen,Entertainment,Vogue,https://news.google.com/publications/CAAqBwgKMOii8gkw2PFy?hl=en-US&gl=US&ceid=US%3Aen,2021-07-06T20:03:56Z,25.3,False
"'Annette' Review: A Deeply Flawed, Deeply Weird Musical With Moments of Brilliance",https://news.google.com/articles/CBMiaWh0dHBzOi8vd3d3LnNsYXNoZmlsbS5jb20vYW5uZXR0ZS1yZXZpZXctYS1kZWVwbHktZmxhd2VkLWRlZXBseS13ZWlyZC1tdXNpY2FsLXdpdGgtbW9tZW50cy1vZi1icmlsbGlhbmNlL9IBAA?hl=en-US&gl=US&ceid=US%3Aen,Entertainment,/FILM,,2021-07-07T13:40:21Z,25.4,True
"Chris Paul's leadership, Suns' chemistry key to NBA Finals Game 1 victory",https://news.google.com/articles/CBMibmh0dHBzOi8vc3BvcnRzLnlhaG9vLmNvbS9jaHJpcy1wYXVscy1sZWFkZXJzaGlwLXN1bnMtY2hlbWlzdHJ5LWtleS10by1uYmEtZmluYWxzLWdhbWUtMS12aWN0b3J5LTE1MDQ0MzIyMi5odG1s0gF2aHR0cHM6Ly9zcG9ydHMueWFob28uY29tL2FtcGh0bWwvY2hyaXMtcGF1bHMtbGVhZGVyc2hpcC1zdW5zLWNoZW1pc3RyeS1rZXktdG8tbmJhLWZpbmFscy1nYW1lLTEtdmljdG9yeS0xNTA0NDMyMjIuaHRtbA?hl=en-US&gl=US&ceid=US%3Aen,Sports,yahoo.com,,2021-07-07T15:04:43Z,26.0,False
"BUCKS at SUNS | FULL GAME 1 HIGHLIGHTS | July 6, 2021",https://news.google.com/articles/CCAiC0ZtNWx6cjFKMjVZmAEB?hl=en-US&gl=US&ceid=US%3Aen,Sports,NBA,,2021-07-07T03:32:46Z,26.1,False
"Phoenix Suns follow Chris Paul's lead in Game 1 NBA Finals win - When it's going like that, 'let him orchestrate'",https://news.google.com/articles/CBMifGh0dHBzOi8vd3d3LmVzcG4uY29tL25iYS9zdG9yeS9fL2lkLzMxNzc0ODQwL3Bob2VuaXgtc3Vucy1mb2xsb3ctY2hyaXMtcGF1bC1sZWFkLWdhbWUtMS1uYmEtZmluYWxzLXdpbi1nb2luZy1sZXQtb3JjaGVzdHJhdGXSAYkBaHR0cHM6Ly93d3cuZXNwbi5jb20vbmJhL3N0b3J5L18vaWQvMzE3NzQ4NDAvcGhvZW5peC1zdW5zLWZvbGxvdy1jaHJpcy1wYXVsLWxlYWQtZ2FtZS0xLW5iYS1maW5hbHMtd2luLWdvaW5nLWxldC1vcmNoZXN0cmF0ZT9wbGF0Zm9ybT1hbXA?hl=en-US&gl=US&ceid=US%3Aen,Sports,ESPN,,2021-07-07T07:30:16Z,26.2,False
"If the Bucks want to win these Finals, this is the change they need to make",https://news.google.com/articles/CAIiEAEn21YEKYVfu8vRuyfh5hQqFggEKg0IACoGCAowpIACMJBMMK_gjAc?hl=en-US&gl=US&ceid=US%3Aen,Sports,Deadspin,https://news.google.com/publications/CAAqBggKMKSAAjCQTA?hl=en-US&gl=US&ceid=US%3Aen,2021-07-07T17:23:00Z,26.3,True
"Searching For Answers: Why the Bucks Lost Game 1, What To Do For Game 2",https://news.google.com/articles/CBMijgFodHRwczovL3d3dy5icmV3aG9vcC5jb20vMjAyMS83LzcvMjI1NjY4MjEvc2VhcmNoaW5nLWZvci1hbnN3ZXJzLXdoeS1taWx3YXVrZWUtbG9zdC1nYW1lLW9uZS13aGF0LXRvLWRvLWdhbWUtdHdvLWJ1Y2tzLXBob2VuaXgtc3Vucy1uYmEtZmluYWxz0gGbAWh0dHBzOi8vd3d3LmJyZXdob29wLmNvbS9wbGF0Zm9ybS9hbXAvMjAyMS83LzcvMjI1NjY4MjEvc2VhcmNoaW5nLWZvci1hbnN3ZXJzLXdoeS1taWx3YXVrZWUtbG9zdC1nYW1lLW9uZS13aGF0LXRvLWRvLWdhbWUtdHdvLWJ1Y2tzLXBob2VuaXgtc3Vucy1uYmEtZmluYWxz?hl=en-US&gl=US&ceid=US%3Aen,Sports,Brew Hoop,,2021-07-07T17:45:15Z,26.4,True
Roger Federer routed at Wimbledon; Novak Djokovic into semifinals again,https://news.google.com/articles/CBMiX2h0dHBzOi8vd3d3LmVzcG4uY29tL3Rlbm5pcy9zdG9yeS9fL2lkLzMxNzc2NTI2L25vdmFrLWRqb2tvdmljLXdpbnMtMy1zZXRzLXdpbWJsZWRvbi1zZW1pcy0xMHRo0gFsaHR0cHM6Ly93d3cuZXNwbi5jb20vdGVubmlzL3N0b3J5L18vaWQvMzE3NzY1MjYvbm92YWstZGpva292aWMtd2lucy0zLXNldHMtd2ltYmxlZG9uLXNlbWlzLTEwdGg_cGxhdGZvcm09YW1w?hl=en-US&gl=US&ceid=US%3Aen,Sports,ESPN,,2021-07-07T15:23:14Z,27.0,False
Wimbledon 2021 tennis – Why a Novak Djokovic vs Roger Federer final is not the most likely outcome,https://news.google.com/articles/CAIiECC5KQ9mIDcs3qYftGgtKewqGQgEKhAIACoHCAowur-YCzDxybADMIPd0AY?hl=en-US&gl=US&ceid=US%3Aen,Sports,Eurosport COM,https://news.google.com/publications/CAAqBwgKMLq_mAsw8cmwAw?hl=en-US&gl=US&ceid=US%3Aen,2021-07-07T08:11:00Z,27.1,True
"Roger Federer Loses at Wimbledon, Maybe for the Last Time",https://news.google.com/articles/CAIiEDptLgOP5m2r90VdbiMqye8qFwgEKg8IACoHCAowjuuKAzCWrzwwxoEY?hl=en-US&gl=US&ceid=US%3Aen,Sports,The New York Times,https://news.google.com/publications/CAAqBwgKMI7rigMwlq88?hl=en-US&gl=US&ceid=US%3Aen,2021-07-07T18:16:17Z,27.2,False
"'The nearer Novak Djokovic gets to the final, the more...', says former ace",https://news.google.com/articles/CAIiEB5FW9jYNrOW7l-f-IoBjvkqGQgEKhAIACoHCAow4s78CjDemIkDMPWmzwU?hl=en-US&gl=US&ceid=US%3Aen,Sports,Tennis World USA,https://news.google.com/publications/CAAqBwgKMOLO_Aow3piJAw?hl=en-US&gl=US&ceid=US%3Aen,2021-07-06T16:10:54Z,27.3,False
Roger Federer Upset by Hubert Hurkacz in 2021 Wimbledon Quarterfinals,https://news.google.com/articles/CBMicmh0dHBzOi8vYmxlYWNoZXJyZXBvcnQuY29tL2FydGljbGVzLzEwMDA3MjE2LXJvZ2VyLWZlZGVyZXItdXBzZXQtYnktaHViZXJ0LWh1cmthY3otaW4tMjAyMS13aW1ibGVkb24tcXVhcnRlcmZpbmFsc9IBggFodHRwczovL3N5bmRpY2F0aW9uLmJsZWFjaGVycmVwb3J0LmNvbS9hbXAvMTAwMDcyMTYtcm9nZXItZmVkZXJlci11cHNldC1ieS1odWJlcnQtaHVya2Fjei1pbi0yMDIxLXdpbWJsZWRvbi1xdWFydGVyZmluYWxzLmFtcC5odG1s?hl=en-US&gl=US&ceid=US%3Aen,Sports,Bleacher Report,,2021-07-07T17:54:12Z,27.4,False
Lucas Hamilton to replace Cameron Meyer in Australian Olympic Games team,https://news.google.com/articles/CAIiEKdYi5GiwMj_9eHqAegfwHoqMwgEKioIACIQcEhJdydtpNytrR0x-Eds4SoUCAoiEHBISXcnbaTcra0dMfhHbOEw4o7iBg?hl=en-US&gl=US&ceid=US%3Aen,Sports,Cyclingnews.com,https://news.google.com/publications/CAAiEHBISXcnbaTcra0dMfhHbOEqFAgKIhBwSEl3J22k3K2tHTH4R2zh?hl=en-US&gl=US&ceid=US%3Aen,2021-07-07T11:11:58Z,28.0,False
Surge in Tokyo's COVID-19 cases likely means new state of emergency through Olympics,https://news.google.com/articles/CBMieGh0dHBzOi8vd3d3LmVzcG4uY29tL29seW1waWNzL3N0b3J5L18vaWQvMzE3NzYwNzkvdG9reW8tc3VyZ2luZy1jb3ZpZC0xOS1jYXNlcy1saWtlbHktbWVhbnMtbmV3LXN0YXRlLWVtZXJnZW5jeS1vbHltcGljc9IBhQFodHRwczovL3d3dy5lc3BuLmNvbS9vbHltcGljcy9zdG9yeS9fL2lkLzMxNzc2MDc5L3Rva3lvLXN1cmdpbmctY292aWQtMTktY2FzZXMtbGlrZWx5LW1lYW5zLW5ldy1zdGF0ZS1lbWVyZ2VuY3ktb2x5bXBpY3M_cGxhdGZvcm09YW1w?hl=en-US&gl=US&ceid=US%3Aen,Sports,ESPN,,2021-07-07T13:55:50Z,28.1,False
The Tokyo Olympics are turning into a mess,https://news.google.com/articles/CAIiEEuCPTQOYjRs2yd-gdNsZpEqFwgEKg4IACoGCAowwMwTMPG_AjCdmekF?hl=en-US&gl=US&ceid=US%3Aen,Sports,SB Nation,https://news.google.com/publications/CAAqBggKMMDMEzDxvwI?hl=en-US&gl=US&ceid=US%3Aen,2021-07-07T14:46:55Z,28.2,False
Here are the Charlotte athletes who will compete at the Summer Olympics in Tokyo,https://news.google.com/articles/CAIiENUDij7Ss1SHTRZVWybxViAqGQgEKhAIACoHCAow7oX-CjCjzPYCMNDh3AU?hl=en-US&gl=US&ceid=US%3Aen,Sports,Charlotte Observer,https://news.google.com/publications/CAAqBwgKMO6F_gowo8z2Ag?hl=en-US&gl=US&ceid=US%3Aen,2021-07-07T13:39:52Z,28.3,False
There is a light that sometimes goes out: the Olympic torch protests,https://news.google.com/articles/CAIiEKfZadAxUh4bC9b3AQBCb-AqFggEKg4IACoGCAowl6p7MN-zCTDlkko?hl=en-US&gl=US&ceid=US%3Aen,Sports,The Guardian,https://news.google.com/publications/CAAqBggKMJeqezDfswk?hl=en-US&gl=US&ceid=US%3Aen,2021-07-07T12:42:02Z,28.4,True
"Kyle Shanahan to Sean McVay on Matthew Stafford trade: ‘You don’t want to get me started, dude’",https://news.google.com/articles/CBMiaWh0dHBzOi8vd3d3Lm5mbC5jb20vbmV3cy9reWxlLXNoYW5haGFuLXRvLXNlYW4tbWN2YXktb24tbWF0dGhldy1zdGFmZm9yZC10cmFkZS15b3UtZG9uLXQtd2FudC10by1nZXQtbWUtc9IBaWh0dHBzOi8vd3d3Lm5mbC5jb20vX2FtcC9reWxlLXNoYW5haGFuLXRvLXNlYW4tbWN2YXktb24tbWF0dGhldy1zdGFmZm9yZC10cmFkZS15b3UtZG9uLXQtd2FudC10by1nZXQtbWUtcw?hl=en-US&gl=US&ceid=US%3Aen,Sports,NFL.com,,2021-07-07T16:04:00Z,29.0,False
"Better, worse or the same? How the Rams' offense has changed - Los Angeles Rams Blog- ESPN",https://news.google.com/articles/CBMijwFodHRwczovL3d3dy5lc3BuLmNvbS9ibG9nL2xvcy1hbmdlbGVzLXJhbXMvcG9zdC9fL2lkLzQyNzgzL2JldHRlci13b3JzZS1vci10aGUtc2FtZS1ob3ctdGhlLWxvcy1hbmdlbGVzLXJhbXMtb2ZmZW5zZS1oYXMtY2hhbmdlZC10aGlzLW9mZnNlYXNvbtIBnAFodHRwczovL3d3dy5lc3BuLmNvbS9ibG9nL2xvcy1hbmdlbGVzLXJhbXMvcG9zdC9fL2lkLzQyNzgzL2JldHRlci13b3JzZS1vci10aGUtc2FtZS1ob3ctdGhlLWxvcy1hbmdlbGVzLXJhbXMtb2ZmZW5zZS1oYXMtY2hhbmdlZC10aGlzLW9mZnNlYXNvbj9wbGF0Zm9ybT1hbXA?hl=en-US&gl=US&ceid=US%3Aen,Sports,ESPN,,2021-07-07T11:37:30Z,29.1,False
Kyle Shanahan was upset when Rams landed Matthew Stafford,https://news.google.com/articles/CBMia2h0dHBzOi8vcHJvZm9vdGJhbGx0YWxrLm5iY3Nwb3J0cy5jb20vMjAyMS8wNy8wNy9reWxlLXNoYW5haGFuLXdhcy11cHNldC13aGVuLXJhbXMtbGFuZGVkLW1hdHRoZXctc3RhZmZvcmQv0gFvaHR0cHM6Ly9wcm9mb290YmFsbHRhbGsubmJjc3BvcnRzLmNvbS8yMDIxLzA3LzA3L2t5bGUtc2hhbmFoYW4td2FzLXVwc2V0LXdoZW4tcmFtcy1sYW5kZWQtbWF0dGhldy1zdGFmZm9yZC9hbXAv?hl=en-US&gl=US&ceid=US%3Aen,Sports,NBC Sports,,2021-07-07T17:36:00Z,29.2,False
"Kyle Shanahan on Super Bowls, Lance, the SF Job, and Coaching With Dad",https://news.google.com/articles/CBMikAFodHRwczovL3d3dy50aGVyaW5nZXIuY29tLzIwMjEvNy83LzIyNTY2MTkwL2t5bGUtc2hhbmFoYW4tb24tc3VwZXItYm93bC1yZWdyZXRzLXRyYWRpbmctdXAtZm9yLWxhbmNlLXRha2luZy10aGUtc2Ytam9iLWFuZC1jb2FjaGluZy13aXRoLWhpcy1kYWTSAZ0BaHR0cHM6Ly93d3cudGhlcmluZ2VyLmNvbS9wbGF0Zm9ybS9hbXAvMjAyMS83LzcvMjI1NjYxOTAva3lsZS1zaGFuYWhhbi1vbi1zdXBlci1ib3dsLXJlZ3JldHMtdHJhZGluZy11cC1mb3ItbGFuY2UtdGFraW5nLXRoZS1zZi1qb2ItYW5kLWNvYWNoaW5nLXdpdGgtaGlzLWRhZA?hl=en-US&gl=US&ceid=US%3Aen,Sports,The Ringer,,2021-07-07T12:15:36Z,29.3,False
"Rams, Sean McVay have high expectations for Van Jefferson in 2021: 'I think the future is so bright'",https://news.google.com/articles/CAIiEE02Sahqrjr8LuE4853vfyAqFggEKg4IACoGCAow5tYTMODEAjDyugQ?hl=en-US&gl=US&ceid=US%3Aen,Sports,CBS Sports,https://news.google.com/publications/CAAqBggKMObWEzDgxAI?hl=en-US&gl=US&ceid=US%3Aen,2021-07-07T16:53:50Z,29.4,False
Chinese researchers propose deflecting 'Armageddon' asteroids with rockets,https://news.google.com/articles/CBMib2h0dHBzOi8vd3d3LmZveGJ1c2luZXNzLmNvbS90ZWNobm9sb2d5L2NoaW5lc2UtcmVzZWFyY2hlcnMtcHJvcG9zZS1kZWZsZWN0aW5nLWFybWFnZWRkb24tYXN0ZXJvaWRzLXdpdGgtcm9ja2V0c9IBc2h0dHBzOi8vd3d3LmZveGJ1c2luZXNzLmNvbS90ZWNobm9sb2d5L2NoaW5lc2UtcmVzZWFyY2hlcnMtcHJvcG9zZS1kZWZsZWN0aW5nLWFybWFnZWRkb24tYXN0ZXJvaWRzLXdpdGgtcm9ja2V0cy5hbXA?hl=en-US&gl=US&ceid=US%3Aen,Science,Fox Business,,2021-07-07T07:53:06Z,30.0,False
"In the future, Earth may not be in any danger from asteroids. Chinese researchers to use rockets to deflec",https://news.google.com/articles/CBMivgFodHRwczovL2Vjb25vbWljdGltZXMuaW5kaWF0aW1lcy5jb20vbWFnYXppbmVzL3BhbmFjaGUvaW4tdGhlLWZ1dHVyZS1lYXJ0aC1tYXktbm90LWJlLWluLWFueS1kYW5nZXItZnJvbS1hc3Rlcm9pZHMtY2hpbmVzZS1yZXNlYXJjaGVycy10by11c2Utcm9ja2V0cy10by1kZWZsZWN0LXRoZW0vYXJ0aWNsZXNob3cvODQxOTg5MzMuY21z0gG5AWh0dHBzOi8vbS5lY29ub21pY3RpbWVzLmNvbS9tYWdhemluZXMvcGFuYWNoZS9pbi10aGUtZnV0dXJlLWVhcnRoLW1heS1ub3QtYmUtaW4tYW55LWRhbmdlci1mcm9tLWFzdGVyb2lkcy1jaGluZXNlLXJlc2VhcmNoZXJzLXRvLXVzZS1yb2NrZXRzLXRvLWRlZmxlY3QtdGhlbS9hbXBfYXJ0aWNsZXNob3cvODQxOTg5MzMuY21z?hl=en-US&gl=US&ceid=US%3Aen,Science,Economic Times,,2021-07-07T08:13:00Z,30.1,False
China plans mass rocket launch to divert asteroid that could wipe out life on Earth,https://news.google.com/articles/CBMiaWh0dHBzOi8vd3d3LmluZGVwZW5kZW50LmNvLnVrL2xpZmUtc3R5bGUvZ2FkZ2V0cy1hbmQtdGVjaC9jaGluYS1iZW5udS1hc3Rlcm9pZC1yb2NrZXQtZWFydGgtYjE4Nzk1ODIuaHRtbNIBbWh0dHBzOi8vd3d3LmluZGVwZW5kZW50LmNvLnVrL2xpZmUtc3R5bGUvZ2FkZ2V0cy1hbmQtdGVjaC9jaGluYS1iZW5udS1hc3Rlcm9pZC1yb2NrZXQtZWFydGgtYjE4Nzk1ODIuaHRtbD9hbXA?hl=en-US&gl=US&ceid=US%3Aen,Science,The Independent,,2021-07-07T10:13:57Z,30.2,False
Can rockets and spacecraft change an asteroid's trajectory?,https://news.google.com/articles/CBMihgFodHRwczovL2xpZmVzdHlsZS5saXZlbWludC5jb20vc21hcnQtbGl2aW5nL2lubm92YXRpb24vY2FuLXJvY2tldHMtYW5kLXNwYWNlY3JhZnQtY2hhbmdlLWFuLWFzdGVyb2lkLXMtdHJhamVjdG9yeS0xMTE2MjU2NDAwODM4MTYuaHRtbNIBAA?hl=en-US&gl=US&ceid=US%3Aen,Science,Livemint,,2021-07-07T08:02:16Z,30.3,False
China proposes rocket strike to divert asteroid that could hit Earth,https://news.google.com/articles/CAIiECwWrUfjmTPA4Ep23GZ48rIqGQgEKhAIACoHCAowzc-JCzDQ5psDML_9oQY?hl=en-US&gl=US&ceid=US%3Aen,Science,Metro.co.uk,https://news.google.com/publications/CAAqBwgKMM3PiQsw0OabAw?hl=en-US&gl=US&ceid=US%3Aen,2021-07-07T13:26:33Z,30.4,False
The Hubble Space Telescope is facing its most serious glitch in a decade and NASA really wants to fix it,https://news.google.com/articles/CAIiECKMbA0TlGlhJZdNhtJQWAsqMwgEKioIACIQiaYKTaVj4jekEifjHCx8jCoUCAoiEImmCk2lY-I3pBIn4xwsfIww5brKBg?hl=en-US&gl=US&ceid=US%3Aen,Science,Space.com,https://news.google.com/publications/CAAiEImmCk2lY-I3pBIn4xwsfIwqFAgKIhCJpgpNpWPiN6QSJ-McLHyM?hl=en-US&gl=US&ceid=US%3Aen,2021-07-07T15:00:36Z,31.0,False
Space eye: Hubble trouble continues as Webb telescope moves ahead,https://news.google.com/articles/CAIiEHVwP9nnKSLzZB-SEmOelwAqFAgEKgwIACoFCAowhgIwkDgw0O8B?hl=en-US&gl=US&ceid=US%3Aen,Science,Al Jazeera English,https://news.google.com/publications/CAAqBQgKMIYCMJA4?hl=en-US&gl=US&ceid=US%3Aen,2021-07-07T12:54:45Z,31.1,False
NASA is trying a ‘risky’ fix for the ageing Hubble Space Telescope,https://news.google.com/articles/CBMibmh0dHBzOi8vd3d3Lm5ld3NjaWVudGlzdC5jb20vYXJ0aWNsZS8yMjgzMzcyLW5hc2EtaXMtdHJ5aW5nLWEtcmlza3ktZml4LWZvci10aGUtYWdlaW5nLWh1YmJsZS1zcGFjZS10ZWxlc2NvcGUv0gFyaHR0cHM6Ly93d3cubmV3c2NpZW50aXN0LmNvbS9hcnRpY2xlLzIyODMzNzItbmFzYS1pcy10cnlpbmctYS1yaXNreS1maXgtZm9yLXRoZS1hZ2VpbmctaHViYmxlLXNwYWNlLXRlbGVzY29wZS9hbXAv?hl=en-US&gl=US&ceid=US%3Aen,Science,New Scientist,,2021-07-07T15:56:15Z,31.2,False
NASA's James Webb Space Telescope passes key review ahead of fall launch,https://news.google.com/articles/CAIiECuv97Q4lGb-JKF4SfzxFfQqMwgEKioIACIQiaYKTaVj4jekEifjHCx8jCoUCAoiEImmCk2lY-I3pBIn4xwsfIww37rKBg?hl=en-US&gl=US&ceid=US%3Aen,Science,Space.com,https://news.google.com/publications/CAAiEImmCk2lY-I3pBIn4xwsfIwqFAgKIhCJpgpNpWPiN6QSJ-McLHyM?hl=en-US&gl=US&ceid=US%3Aen,2021-07-07T11:10:33Z,31.3,False
What is consciousness like for other animals and when did it evolve?,https://news.google.com/articles/CBMieGh0dHBzOi8vd3d3Lm5ld3NjaWVudGlzdC5jb20vYXJ0aWNsZS9tZzI1MDMzNDIwLTcwMC13aGF0LWlzLWNvbnNjaW91c25lc3MtbGlrZS1mb3Itb3RoZXItYW5pbWFscy1hbmQtd2hlbi1kaWQtaXQtZXZvbHZlL9IBfGh0dHBzOi8vd3d3Lm5ld3NjaWVudGlzdC5jb20vYXJ0aWNsZS9tZzI1MDMzNDIwLTcwMC13aGF0LWlzLWNvbnNjaW91c25lc3MtbGlrZS1mb3Itb3RoZXItYW5pbWFscy1hbmQtd2hlbi1kaWQtaXQtZXZvbHZlL2FtcC8?hl=en-US&gl=US&ceid=US%3Aen,Science,New Scientist,,2021-07-07T15:33:45Z,31.4,False
One of Saturn’s Moons Has Shown Possible Signs of Microbial Life,https://news.google.com/articles/CBMiTmh0dHBzOi8vd3d3LnlhaG9vLmNvbS9saWZlc3R5bGUvb25lLXNhdHVybi1tb29ucy1zaG93bi1wb3NzaWJsZS0xNDMxMTM4MzguaHRtbNIBVmh0dHBzOi8vd3d3LnlhaG9vLmNvbS9hbXBodG1sL2xpZmVzdHlsZS9vbmUtc2F0dXJuLW1vb25zLXNob3duLXBvc3NpYmxlLTE0MzExMzgzOC5odG1s?hl=en-US&gl=US&ceid=US%3Aen,Science,Yahoo Lifestyle,,2021-07-07T14:31:13Z,32.0,False
"Methane Detected on Enceladus Could Actually Be a Sign of Life, Study Shows",https://news.google.com/articles/CAIiEJ2mWETNxZBg9jWwEskZrIUqGQgEKhAIACoHCAowlv_6CjDu3vICMJyRlgY?hl=en-US&gl=US&ceid=US%3Aen,Science,ScienceAlert,https://news.google.com/publications/CAAqBwgKMJb_-gow7t7yAg?hl=en-US&gl=US&ceid=US%3Aen,2021-07-07T06:57:52Z,32.1,False
Possible Signs of Alien Life? Methane in the Plumes of Saturn’s Moon Enceladus,https://news.google.com/articles/CBMiZmh0dHBzOi8vc2NpdGVjaGRhaWx5LmNvbS9wb3NzaWJsZS1zaWducy1vZi1hbGllbi1saWZlLW1ldGhhbmUtaW4tdGhlLXBsdW1lcy1vZi1zYXR1cm5zLW1vb24tZW5jZWxhZHVzL9IBamh0dHBzOi8vc2NpdGVjaGRhaWx5LmNvbS9wb3NzaWJsZS1zaWducy1vZi1hbGllbi1saWZlLW1ldGhhbmUtaW4tdGhlLXBsdW1lcy1vZi1zYXR1cm5zLW1vb24tZW5jZWxhZHVzL2FtcC8?hl=en-US&gl=US&ceid=US%3Aen,Science,SciTechDaily,,2021-07-07T13:22:42Z,32.2,False
Methane in the plumes of Saturn's moon Enceladus: Possible signs of life?,https://news.google.com/articles/CAIiEOWblk5tDqhDSqfnjeApFcUqGAgEKg8IACoHCAowpbDpAzCm_hww3-XGBg?hl=en-US&gl=US&ceid=US%3Aen,Science,Phys.org,https://news.google.com/publications/CAAqBwgKMKWw6QMwpv4c?hl=en-US&gl=US&ceid=US%3Aen,2021-07-07T07:14:57Z,32.3,False
Methane Detected In The Plumes Of Enceladus Could Be A Sign Of Life,https://news.google.com/articles/CBMiZWh0dHBzOi8vd3d3LmlmbHNjaWVuY2UuY29tL3NwYWNlL21ldGhhbmUtZGV0ZWN0ZWQtaW4tdGhlLXBsdW1lcy1vZi1lbmNlbGFkdXMtY291bGQtYmUtYS1zaWduLW9mLWxpZmUv0gEA?hl=en-US&gl=US&ceid=US%3Aen,Science,IFLScience,,2021-07-07T13:19:00Z,32.4,False
Mars Ingenuity helicopter completes its toughest flight yet,https://news.google.com/articles/CAIiEA1fiz-CWX0zZeqiBPHmGt8qMwgEKioIACIQpzoRSNLEm6QR--MasMLSAioUCAoiEKc6EUjSxJukEfvjGrDC0gIw1anKBg?hl=en-US&gl=US&ceid=US%3Aen,Science,CNN ,https://news.google.com/publications/CAAiEKc6EUjSxJukEfvjGrDC0gIqFAgKIhCnOhFI0sSbpBH74xqwwtIC?hl=en-US&gl=US&ceid=US%3Aen,2021-07-07T14:54:00Z,33.0,False
NASA’s helicopter on Mars just keeps flying and flying,https://news.google.com/articles/CBMiXmh0dHBzOi8vYXJzdGVjaG5pY2EuY29tL3NjaWVuY2UvMjAyMS8wNy9uYXNhcy1oZWxpY29wdGVyLW9uLW1hcnMtanVzdC1rZWVwcy1mbHlpbmctYW5kLWZseWluZy_SAWRodHRwczovL2Fyc3RlY2huaWNhLmNvbS9zY2llbmNlLzIwMjEvMDcvbmFzYXMtaGVsaWNvcHRlci1vbi1tYXJzLWp1c3Qta2VlcHMtZmx5aW5nLWFuZC1mbHlpbmcvP2FtcD0x?hl=en-US&gl=US&ceid=US%3Aen,Science,Ars Technica,,2021-07-06T19:30:53Z,33.1,False
Ingenuity Mars Helicopter Smashes Records on Ninth Flight,https://news.google.com/articles/CBMiZmh0dHBzOi8vbWVkaXVtLmNvbS9wY21hZy1hY2Nlc3MvaW5nZW51aXR5LW1hcnMtaGVsaWNvcHRlci1zbWFzaGVzLXJlY29yZHMtb24tbmludGgtZmxpZ2h0LWMxZDM1MTcxYmVlM9IBAA?hl=en-US&gl=US&ceid=US%3Aen,Science,Medium,,2021-07-07T13:50:52Z,33.2,False
Ingenuity Helicopter Takes an Ambitious Shortcut on Mars in Record-Breaking Ninth Flight,https://news.google.com/articles/CAIiEB2s_fCthhQFQI4YHtP-pCcqFggEKg0IACoGCAowlIECMLBMMNfyngY?hl=en-US&gl=US&ceid=US%3Aen,Science,Gizmodo,https://news.google.com/publications/CAAqBggKMJSBAjCwTA?hl=en-US&gl=US&ceid=US%3Aen,2021-07-06T15:55:00Z,33.3,False
"Ingenuity, InSight, and Ice Mapper",https://news.google.com/articles/CBMiLWh0dHBzOi8vd3d3LnRoZXNwYWNlcmV2aWV3LmNvbS9hcnRpY2xlLzQyMDkvMdIBAA?hl=en-US&gl=US&ceid=US%3Aen,Science,The Space Review,,2021-07-07T01:02:50Z,33.4,False
Delta coronavirus variant: Should fully vaccinated worry?,https://news.google.com/articles/CAIiEE_8ybEFjMw9od13b_hBrAcqFwgEKg4IACoGCAowjKxcMOvhCzCU9KQB?hl=en-US&gl=US&ceid=US%3Aen,Health,Los Angeles Times,https://news.google.com/publications/CAAqBggKMIysXDDr4Qs?hl=en-US&gl=US&ceid=US%3Aen,2021-07-07T15:49:21Z,34.0,False
"Some in US pushing for more COVID restrictions, masking, as Delta variant spreads",https://news.google.com/articles/CAIiEGuDeYxmycEGdgiEIoEv-6kqGQgEKhAIACoHCAowwL2ICzCckocDMMaPqQY?hl=en-US&gl=US&ceid=US%3Aen,Health,Fox News,https://news.google.com/publications/CAAqBwgKMMC9iAswnJKHAw?hl=en-US&gl=US&ceid=US%3Aen,2021-07-07T10:49:43Z,34.1,False
Covid-19's delta variant is spreading in America. Here's what to know.,https://news.google.com/articles/CAIiEGhWHcy-p5xf3LAcmD-gqTMqGQgEKhAIACoHCAow_NiCCzD5140DMOzi-AY?hl=en-US&gl=US&ceid=US%3Aen,Health,MSNBC,https://news.google.com/publications/CAAqBwgKMPzYggsw-deNAw?hl=en-US&gl=US&ceid=US%3Aen,2021-07-07T14:20:10Z,34.2,True
Opinion: Delta variant panic could cause more harm than good,https://news.google.com/articles/CBMicmh0dHBzOi8vd3d3LnNmZ2F0ZS5jb20vY2FsaWZvcm5pYS1wb2xpdGljcy9hcnRpY2xlL0RlbHRhLXZhcmlhbnQtQ2FsaWZvcm5pYS1DT1ZJRC0xOS1tYXNrcy1vcGVuLXdoZXJlLTE2Mjk2MDg3LnBocNIBbmh0dHBzOi8vd3d3LnNmZ2F0ZS5jb20vY2FsaWZvcm5pYS1wb2xpdGljcy9hbXAvRGVsdGEtdmFyaWFudC1DYWxpZm9ybmlhLUNPVklELTE5LW1hc2tzLW9wZW4td2hlcmUtMTYyOTYwODcucGhw?hl=en-US&gl=US&ceid=US%3Aen,Health,SFGate,,2021-07-07T11:04:01Z,34.3,True
Masking indoors in the age of the Delta variant,https://news.google.com/articles/CBMiUWh0dHBzOi8vd3d3LmJvc3Rvbmdsb2JlLmNvbS8yMDIxLzA3LzA3L29waW5pb24vbWFza2luZy1pbmRvb3JzLWFnZS1kZWx0YS12YXJpYW50L9IBYGh0dHBzOi8vd3d3LmJvc3Rvbmdsb2JlLmNvbS8yMDIxLzA3LzA3L29waW5pb24vbWFza2luZy1pbmRvb3JzLWFnZS1kZWx0YS12YXJpYW50Lz9vdXRwdXRUeXBlPWFtcA?hl=en-US&gl=US&ceid=US%3Aen,Health,The Boston Globe,,2021-07-07T09:31:00Z,34.4,True
Mercy Health System gives employees deadline to get vaccinated against coronavirus,https://news.google.com/articles/CBMiemh0dHBzOi8vd3d3LjQwMjl0di5jb20vYXJ0aWNsZS9tZXJjeS1oZWFsdGgtc3lzdGVtLWdpdmVzLWVtcGxveWVlcy1kZWFkbGluZS10by1nZXQtdmFjY2luYXRlZC1hZ2FpbnN0LWNvcm9uYXZpcnVzLzM2OTU1NjU10gF-aHR0cHM6Ly93d3cuNDAyOXR2LmNvbS9hbXAvYXJ0aWNsZS9tZXJjeS1oZWFsdGgtc3lzdGVtLWdpdmVzLWVtcGxveWVlcy1kZWFkbGluZS10by1nZXQtdmFjY2luYXRlZC1hZ2FpbnN0LWNvcm9uYXZpcnVzLzM2OTU1NjU1?hl=en-US&gl=US&ceid=US%3Aen,Health,4029tv,,2021-07-07T17:04:00Z,35.0,False
Mercy to require all employees to be vaccinated,https://news.google.com/articles/CBMiY2h0dHBzOi8vZm94NGtjLmNvbS9uZXdzL21lcmN5LXNwcmluZ2ZpZWxkLXRvLXByb3ZpZGUtYW4tdXBkYXRlLW9uLWNvdmlkLTE5LXBhdGllbnRzLWFuZC1uZXctcG9saWN5L9IBZ2h0dHBzOi8vZm94NGtjLmNvbS9uZXdzL21lcmN5LXNwcmluZ2ZpZWxkLXRvLXByb3ZpZGUtYW4tdXBkYXRlLW9uLWNvdmlkLTE5LXBhdGllbnRzLWFuZC1uZXctcG9saWN5L2FtcC8?hl=en-US&gl=US&ceid=US%3Aen,Health,fox4kc.com,,2021-07-07T17:16:28Z,35.1,False
"These parts of the US could become 'breeding grounds' for more Covid-19 variants, expert says",https://news.google.com/articles/CBMinAFodHRwczovL3d3dy5rbW92LmNvbS90aGVzZS1wYXJ0cy1vZi10aGUtdXMtY291bGQtYmVjb21lLWJyZWVkaW5nLWdyb3VuZHMtZm9yLW1vcmUtY292aWQtMTktdmFyaWFudHMtZXhwZXJ0L2FydGljbGVfYjYyMjNlYzEtZGY3YS01YzY4LWJjYmEtOWM4YjcwNzJiN2M3Lmh0bWzSAaUBaHR0cHM6Ly93d3cua21vdi5jb20vbmV3cy90aGVzZS1wYXJ0cy1vZi10aGUtdXMtY291bGQtYmVjb21lLWJyZWVkaW5nLWdyb3VuZHMtZm9yLW1vcmUtY292aWQtMTktdmFyaWFudHMtZXhwZXJ0L2FydGljbGVfYjYyMjNlYzEtZGY3YS01YzY4LWJjYmEtOWM4YjcwNzJiN2M3LmFtcC5odG1s?hl=en-US&gl=US&ceid=US%3Aen,Health,KMOV.com,,2021-07-06T23:00:00Z,35.2,False
Moderna starts human trials of an mRNA-based flu shot,https://news.google.com/articles/CAIiECcxPgK9GkVFxDKPVpaWesAqFggEKg4IACoGCAow3O8nMMqOBjD38Ak?hl=en-US&gl=US&ceid=US%3Aen,Health,The Verge,https://news.google.com/publications/CAAqBggKMNzvJzDKjgY?hl=en-US&gl=US&ceid=US%3Aen,2021-07-07T13:59:20Z,36.0,False
Could Pfizer and Moderna Now Face Their Second-Worst Scenario?,https://news.google.com/articles/CBMiXWh0dHBzOi8vd3d3LmZvb2wuY29tL2ludmVzdGluZy8yMDIxLzA3LzA3L2NvdWxkLXBmaXplci1hbmQtbW9kZXJuYS1ub3ctZmFjZS10aGVpci1zZWNvbmQtd29yL9IBYWh0dHBzOi8vd3d3LmZvb2wuY29tL2FtcC9pbnZlc3RpbmcvMjAyMS8wNy8wNy9jb3VsZC1wZml6ZXItYW5kLW1vZGVybmEtbm93LWZhY2UtdGhlaXItc2Vjb25kLXdvci8?hl=en-US&gl=US&ceid=US%3Aen,Health,Motley Fool,,2021-07-07T09:55:00Z,36.1,False
Second-dose struggles: normal immune responses more intense than 1st dose for some,https://news.google.com/articles/CBMiTGh0dHBzOi8vY2EubmV3cy55YWhvby5jb20vc2Vjb25kLWRvc2Utc3RydWdnbGVzLW5vcm1hbC1pbW11bmUtMDgwMDAwNzgwLmh0bWzSAVRodHRwczovL2NhLm5ld3MueWFob28uY29tL2FtcGh0bWwvc2Vjb25kLWRvc2Utc3RydWdnbGVzLW5vcm1hbC1pbW11bmUtMDgwMDAwNzgwLmh0bWw?hl=en-US&gl=US&ceid=US%3Aen,Health,Yahoo News Canada,,2021-07-07T08:08:31Z,36.2,False
COVID-19 Fact Check: What does science say about mixing vaccines?,https://news.google.com/articles/CAIiEG9znkus7g9K7Y2mzpxzN-0qGAgEKg8IACoHCAow5v6PATDrwA8wr93OBg?hl=en-US&gl=US&ceid=US%3Aen,Health,Firstpost,https://news.google.com/publications/CAAqBwgKMOb-jwEw68AP?hl=en-US&gl=US&ceid=US%3Aen,2021-07-07T14:23:27Z,36.3,False
Moderna testing mRNA seasonal flu vaccine | TheHill,https://news.google.com/articles/CBMiVmh0dHBzOi8vdGhlaGlsbC5jb20vcG9saWN5L2hlYWx0aGNhcmUvNTYxODc2LW1vZGVybmEtdGVzdGluZy1tcm5hLXNlYXNvbmFsLWZsdS12YWNjaW5l0gFaaHR0cHM6Ly90aGVoaWxsLmNvbS9wb2xpY3kvaGVhbHRoY2FyZS81NjE4NzYtbW9kZXJuYS10ZXN0aW5nLW1ybmEtc2Vhc29uYWwtZmx1LXZhY2NpbmU_YW1w?hl=en-US&gl=US&ceid=US%3Aen,Health,The Hill,,2021-07-07T16:56:16Z,36.4,False
